1: -960 450 240
2: -78 250 -446
3: -252 272 -696
4: 296 553 -507
5: 547 314 225
6: 52 709 -23
7: -906 258 -372
8: -578 760 296
9: -869 753 658
10: 696 154 -10
11: -374 -409 290
12: -413 -677 245
13: -834 -955 -297
14: 634 -279 35
15: -754 -496 940
16: -607 -708 -489
17: 662 107 107
18: 751 -575 -74
19: -489 730 228
20: -672 939 -392
21: -756 101 -255
22: -556 -176 130
23: -487 332 -550
24: -725 821 -575
25: 103 -677 -942
26: 222 -114 -278
27: -768 -734 -789
28: 229 1000 964
29: -707 -229 497
30: 312 -2 374
31: 237 -879 -165
32: -191 -738 259
33: 459 -933 -31
34: -91 -404 -295
35: -287 442 -837
36: -193 -528 -840
37: -934 -352 66
38: 44 401 -360
39: 255 -267 -32
40: 318 593 -815
41: 779 -59 -450
42: -177 -745 675
43: 710 -7 264
44: 804 -796 -456
45: -998 -697 -611
46: 515 -782 -463
47: -284 888 342
48: -122 299 912
49: -136 743 -468
50: 785 -330 -197
51: -326 337 926
52: -138 -105 -293
53: 295 -430 -900
54: -345 797 921
55: 176 -845 698
56: 535 711 -54
57: 628 847 -377
58: -855 -846 -964
59: -149 859 484
60: -897 667 340
61: -808 338 923
62: 695 932 792
63: 453 -804 -74
64: 669 -311 84
65: 978 -586 -928
66: 956 -633 -508
67: 201 -679 222
68: 935 564 -989
69: 842 833 382
70: -189 830 -609
71: 829 118 898
72: -758 625 -945
73: -246 223 457
74: 854 409 455
75: -611 -576 -620
76: -103 266 -306
77: -506 141 358
78: 383 796 490
79: 967 -790 -176
80: -323 950 -748
81: 767 135 598
82: 5 595 906
83: 346 244 617
84: -408 -946 -542
85: 682 -149 -568
86: 247 694 930
87: -612 683 -70
88: -109 -672 -949
89: -418 -444 -240
90: 458 -381 -270
91: -449 -352 877
92: -215 930 348
93: -241 -970 323
94: -898 -440 -93
95: 49 -839 -529
96: 439 -467 -416
97: -511 -234 -650
98: 576 -839 -438
99: 924 419 17
100: 220 -530 655
101: 284 124 -768
102: 426 851 732
103: 285 -261 281
104: 280 -410 268
105: 660 -841 -658
106: 176 878 -516
107: -550 847 582
108: 935 -280 104
109: -807 580 -993
110: 282 600 589
111: 276 -102 845
112: 69 690 -594
113: -541 618 69
114: -414 -895 638
115: 984 -171 332
116: -84 -799 -278
117: 450 -15 481
118: 804 -908 -482
119: 452 -578 453
120: -881 -723 20
121: 128 606 41
122: -235 -514 -865
123: 874 25 -804
124: 283 571 285
125: -768 8 -635
126: 739 -337 48
127: -81 -64 859
128: -33 -496 1000
129: 523 399 124
130: -510 -718 885
131: 369 -376 -952
132: 23 -218 -63
133: 986 -481 -789
134: -75 469 622
135: -450 -20 868
136: 84 723 -246
137: 154 393 345
138: 138 198 247
139: 754 952 448
140: -840 -662 -458
141: 675 713 -629
142: -881 -193 983
143: 959 990 100
144: -191 -174 -275
145: -252 180 -704
146: 483 282 -550
147: -973 160 -338
148: 998 -420 525
149: 747 346 591
150: -14 -155 -494
151: -517 -185 819
152: 746 -808 -66
153: -534 -20 759
154: -214 -257 -66
155: 605 315 -424
156: 10 282 696
157: 507 -846 984
158: -146 -50 -822
159: 977 -412 320
160: 100 -197 294
161: 955 -382 226
162: 942 95 170
163: 221 995 -731
164: -69 -452 -952
165: 376 963 354
166: 10 -654 511
167: 695 -567 -969
168: 878 477 -359
169: 527 -170 531
170: 955 -178 -369
171: -116 434 699
172: 964 447 -141
173: 485 196 151
174: -911 724 -425
175: -726 -106 -862
176: -947 -328 -324
177: -190 852 402
178: -172 -578 201
179: 526 260 -512
180: -748 392 -306
181: -228 691 219
182: -990 -238 641
183: -190 992 507
184: 310 -92 866
185: 962 308 -194
186: 621 -506 -882
187: -253 -18 -687
188: 695 -151 513
189: 841 -679 836
190: 747 132 708
191: -98 -906 -123
192: 819 -209 452
193: -614 840 278
194: 290 409 372
195: -22 393 -254
196: -613 903 -325
197: -136 -914 -309
198: 379 -513 -771
199: 980 -888 836
200: 25 -135 -905
201: -281 -958 90
202: 163 -989 949
203: -355 273 752
204: -683 813 -925
205: -750 245 -87
206: -670 -57 854
207: 729 -680 217
208: 11 524 -20
209: 113 -413 -844
210: 841 855 -339
211: 933 -561 -591
212: -187 -670 374
213: 114 567 47
214: -108 -493 935
215: 620 644 113
216: -533 -994 140
217: 642 -822 -798
218: 553 -538 540
219: 473 272 -105
220: 529 -645 23
221: 989 499 -70
222: 936 445 190
223: -102 -268 545
224: 142 -689 768
225: -676 -808 -931
226: -564 127 -482
227: 444 -364 -726
228: 737 -778 -261
229: 197 982 -628
230: 620 63 -237
231: -48 565 575
232: -596 428 993
233: 832 492 -547
234: -663 366 -346
235: -784 507 -728
236: -734 595 -861
237: 501 -800 -452
238: 210 -762 158
239: -764 -266 10
240: -519 -425 641
241: -198 -19 297
242: 536 -153 -763
243: 259 -987 -707
244: 795 372 -71
245: 104 -130 840
246: -874 488 529
247: -341 672 -161
248: 792 376 199
249: -202 -965 -348
250: 114 310 -119
251: 129 -883 -162
252: 11 832 130
253: 619 131 -684
254: 995 -685 97
255: 169 -401 -219
256: -967 270 -794
257: 209 -478 -372
258: 933 -844 -29
