1: 235 778 -472 768
2: 12 248 -30 214
3: -427 896 -877 -492
4: 4 70 672 -728
5: -433 -154 78 -236
6: -236 581 341 960
7: -397 -410 265 -675
8: 724 -81 845 -410
9: -768 899 -630 -716
10: 395 -819 -94 701
11: 654 -957 -759 -499
12: 702 -96 -616 661
13: -141 -785 361 -338
14: -908 693 -519 -538
15: -692 868 224 -772
16: 852 55 267 -453
17: -217 105 469 464
18: 13 -26 -317 -146
19: 297 754 -476 812
20: 913 865 563 267
21: 675 434 -602 227
22: 365 709 -889 539
23: -459 -241 -517 187
24: 568 -939 -158 -892
25: -550 636 -852 387
26: 167 -276 -196 -217
27: -623 -98 271 855
28: -939 495 -458 -644
29: -232 -762 -455 875
30: 241 168 -983 491
31: -787 970 -951 485
32: -540 93 -831 -223
33: -708 628 -487 508
34: -31 931 -660 480
35: -184 611 388 820
36: 146 36 932 -849
37: -592 257 844 -392
38: 235 -162 679 -848
39: -164 -826 346 376
40: -502 11 -727 944
41: 907 825 -270 -724
42: -160 421 272 -349
43: 934 699 917 -976
44: 922 -743 164 0
45: -88 -703 -103 692
46: -154 -880 -411 -428
47: -806 309 -257 -870
48: 232 -494 337 -906
49: -349 104 -454 -127
50: -282 -23 509 326
51: 201 342 430 138
52: -506 -332 390 684
53: -518 746 416 41
54: 307 81 -88 450
55: 312 -625 122 -607
56: 409 925 -476 221
57: 529 -176 652 220
58: 624 -926 1000 165
59: 774 887 -158 -557
60: 212 155 -103 104
61: 22 -592 104 -100
62: 5 459 254 838
63: 156 151 -124 237
64: 727 195 981 -12
65: 355 998 -82 371
