05525 07773 017700 022415 0571 06064 02213 01266 01021 02207 0735 01025 077625
064 021005 01023 04033 011716 017607 04342 012562 015375 020635 016544 0154016
016140 010237 02733 015756 015572 01255 021110 04314 016242 022370 06743 0163600
06160 07700 03473 021755 022517 010101 0371 020214 015311 010405 01040 021557 03137 015677 017723 010204 02214 04044 012567 0262146
014400 011332 014270 014114 020056 011611 014321 01002 014217 021013 017332 015134 041 02576 07115 04516 0236162
015356 015470 013345 06302 023054 013032 0523 014643 06242 016456 013063 010605 05677 01522 022343 010050 0553 01276 016223 015465 0764 02612 015307 012543 017576 022147 05330 023045 015265 0444735
010121 016641 012746 03400 03254 01437 015516 01671 03227 022474 07350 02673 04567 015630 0154457
02343 06731 05777 04632 014561 022326 020743 04246 017126 051 0263 023322 021127 015534 011417 017745 01734 0103 020402 06445 020744 04225 014462 0617 016461 011037 05447 022105 012536 023361 0455133
014604 021400 012677 023145 04140 011326 07422 02574 012407 022336 015271 011605 016762 010127 04000 023010 0266340
020001 016343 010301 017207 05634 012534 01723 023245 0133634
015640 06676 020006 06240 013100 015030 020500 02611 010432 023103 0624 0144 02467 015443 010634 06067 01143 0223412
06012 0752 015333 011277 010027 045645
022510 07145 05527 02640 01632 01044 010417 01163 012214 04215 013674 02640 04651 017150 023045 05153 020360 013606 03242 02643 014360 01641 03645 012371 03656 0273222
015303 022273 020064 015015 01521 015557 013735 013626 017702 0326 016600 012676 015215 016650 021253 014226 03156 017566 01631 05241 014236 011000 0366772
01205 011563 016172 04630 012634 07110 0724 010073 012245 01011 06557 014777 01724 0131755
04277 06454 013264 012651 015443 023357 012343 01436 04042 06737 01323 07620 06314 04666 07316 01210 01676 013635 016125 010150 011413 03060 015554 015535 02673 016121 014755 032 020211 0360517
0724 01466 03101 0651 02450 021140 0735 04741 0320 040412
015356 015612 013706 021202 013414 023304 05054 010665 021151 01273 020741 01777 06763 03305 01421 016346 012733 01626 02644 06524 05426 015573 06612 016437 07475 015167 016111 0406704
01216 016471 023400 015211 03471 044 07353 015116 061 011023 015524 020501 03314 015025 021317 010360 023232 06131 0740 021420 017447 0155 04172 0332520
012705 012705
