7403 729 5719 3058 9349 3190 5984 5404 9146 3160 53142
5927 9259 3528 8927 3599 4469 3589 9556 2876 6884 58614
3209 5575 5244 2130 6947 3883 4824 2907 5697 3726 44142
2638 1845 7439 6550 1728 7460 9006 8983 2316 6273 54238
3155 6456 4309 1430 5203 7428 6353 7151 7481 3008 51974
4235 2668 3073 5038 5945 8638 2710 429 5665 9498 47899
155 8844 6725 2786 3488 5175 4946 9563 2968 2724 47374
3913 23 6209 5966 9507 7633 4090 2896 5473 4721 50431
7275 189 4554 5101 5894 6755 3706 6677 3917 6697 50765
4040 5931 1446 6528 565 7983 6031 2822 3981 3660 42987
2738 6397 2190 2755 3766 6699 1856 3571 6634 4887 41493
3806 1913 6776 4837 9095 6637 9147 387 623 4001 47222
8639 4232 2016 4176 9017 963 4586 4557 6870 3326 48382
5553 4726 7576 3888 2584 7235 3220 7978 765 8145 51670
7380 1753 6981 9530 2567 5905 3341 599 6018 1106 45180
5879 2680 6743 8945 2327 2829 858 9444 4000 8338 52043
556 2248 5061 683 9924 8672 1098 1150 837 8146 38375
5918 8982 9637 1160 2095 4646 9301 3902 423 8089 54153
2397 5511 5552 499 6977 2480 6697 6492 1400 814 38819
3356 6598 1599 1356 2193 4402 9413 8944 1842 9423 49126
538 2625 1622 3978 9431 5433 1769 783 3984 487 30650
9134 8907 3539 5767 1521 5675 4756 1374 6180 364 47217
627 7384 3669 7387 6440 443 3437 2762 9402 4847 46398
9159 6006 6303 5919 685 8337 1041 5519 47 4277 47293
1012 3564 1521 4079 8033 1200 1422 3556 5963 3841 34191
9722 8666 2566 5714 8565 8022 6748 9453 9233 5460 74149
1401 789 1878 7211 1547 1116 4155 8879 2617 6799 36392
685 7536 7541 9529 5280 9360 5609 1095 6054 4940 57629
4802 595 468 4699 5559 3318 8454 8978 4751 9177 50801
5073 3448 8181 8739 5533 5170 364 4442 5286 3802 50038
1560 7853 1328 5524 1829 9474 1785 3775 2821 5352 41301
2891 8662 430 7804 388 4680 660 5841 6728 5476 43560
6668 8322 8120 52 7401 5160 8292 2861 4615 5223 56714
9430 3871 5481 9247 9698 2867 7273 1384 8988 6258 64497
5982 2944 4175 6513 5031 5452 7723 6859 8211 9930 62820
7122 6539 6041 8010 8576 9026 420 9350 516 5037 60637
4548 7400 4601 397 6803 8133 6589 8733 6912 3836 57952
4574 1048 7774 9385 1300 6282 2755 4170 4828 5139 47255
7922 1286 8588 8610 5056 3436 9770 5102 7126 9646 66542
767 2814 5798 57 6126 2561 5215 212 4767 5893 34210
7112 8541 2379 5840 9733 4944 5974 3487 8130 6537 62677
7349 5560 6581 6685 3629 1833 9724 5804 7996 9038 64199
2380 2167 8280 2117 1731 8538 1426 5548 3543 1830 37560
3931 1897 4789 2700 8468 2852 2910 4529 3553 9703 45332
1809 2651 9635 4965 4066 8249 6108 5508 4592 8584 56167
6575 9759 4568 4916 2369 942 1167 7799 6142 4257 48494
4128 5424 49 7735 3442 8783 4888 2712 8706 3367 49234
3425 1247 2183 3126 9842 8266 1226 7875 7544 9677 54411
6886 6053 8520 2104 6953 9521 5928 7304 6374 6246 65889
3913 6454 1010 5610 548 5606 1925 4413 5949 7425 42853
3496 7436 7349 4015 9897 7756 3217 2359 9706 5342 60573
7763 295 846 459 4408 8558 743 8254 4729 7537 43592
5287 4292 7449 2246 4944 4540 2883 8177 2758 1920 44496
7542 6481 5455 2150 3813 4184 1881 8440 8889 5961 54796
7155 9735 4076 8273 3694 8599 1946 1941 4969 1736 52124
5659 4849 3978 4212 1132 5203 5070 8428 8546 6616 53693
2021 711 1622 5642 9735 6330 877 5580 8419 6022 46959
8247 2707 5448 3773 9817 7096 5643 8456 9047 8891 69125
7792 2967 8173 1252 1069 5626 5326 5789 8726 164 46884
5573 2305 2071 8721 6946 4720 2172 1225 7850 1203 42786
2180 8155 5545 4247 7298 2962 1969 8729 5013 3674 49772
8700 5655 6763 4771 8180 6629 3669 6991 8555 2636 62549
756 1231 9902 9259 9523 4972 1239 5866 4950 5109 52807
3039 5376 8105 7902 5021 6797 8655 8311 1797 3096 58099
2534 6828 9704 8303 8815 3308 9188 8567 3192 6811 67250
3263 1513 6381 540 4706 5235 6138 6513 2891 9319 46499
3261 1254 8596 6699 2997 350 7190 5694 4201 6420 46662
2585 61 6482 9629 3309 9398 9289 3939 8780 8611 62083
6854 2639 1704 2067 7109 2409 2689 7301 4721 2670 40163
3820 7634 9237 1191 3951 1272 3566 3054 2740 575 37040
8304 5387 7787 3045 4988 6821 4945 3366 7940 3910 56493
3845 6226 4338 8915 863 4632 9848 8266 6071 4748 57752
2090 6560 8904 5770 2387 2782 7405 1678 4729 1666 43971
2623 5573 1594 2341 4039 9787 3097 663 6715 9887 46319
2157 758 4663 4018 8640 3742 6283 4636 9065 2337 46299
708 544 7833 472 5825 7834 4346 8663 6269 911 43405
8832 3978 5516 5003 8010 4671 2962 6949 9436 3177 58534
5595 7090 4927 3198 6337 9623 6583 8530 8180 5984 66047
1338 9474 2612 7310 6699 4113 1283 8025 6786 6568 54208
2446 9851 4656 2395 3915 8615 7559 8042 9877 3465 60821
2087 1538 1988 8734 3169 4715 4898 5248 4315 4048 40740
9276 8248 7126 3701 7543 3295 1625 9994 2923 4352 58083
8839 7463 7561 454 305 7535 9079 4143 134 1513 47026
7912 3460 745 6468 8973 182 1418 1199 6961 562 37880
7711 3914 1542 5040 5887 9243 6213 8630 8690 2331 59201
617 1474 1959 7211 2801 7782 3816 7252 3660 8795 45367
6105 2166 793 8344 1641 9273 940 2577 751 1812 34402
3114 9548 5171 7480 2957 9547 6809 5438 5300 7304 62668
9555 4248 56 5544 17 3607 2059 8988 9422 6620 50116
9996 3222 5360 4356 5303 3985 8486 209 7444 9986 58347
6473 7084 6415 5825 5504 306 7312 6800 5356 8562 59637
4833 1640 1939 297 9981 5173 3503 6716 8739 5778 48599
536 1372 7895 5279 7415 9182 4378 2623 2254 4633 45567
4671 1204 9417 901 2489 7132 3871 8799 501 5877 44862
6603 3754 9474 2909 5823 2927 2197 4200 7797 870 46554
9140 7482 3796 6130 3296 5680 8733 5954 5527 1426 57164
3961 1876 615 5325 57 8817 6725 9414 3133 7798 47721
8647 7828 2374 6992 5138 2820 2180 2053 4543 8183 50758
7413 7785 6708 6257 507 9179 520 3049 3486 3784 48688
7838 9676 6126 4255 3577 3741 48 740 6467 3938 46406
8611 8317 1690 7454 5270 1024 2318 7484 7141 3370 52679
2687 6337 6596 1494 5953 9272 9349 3312 3858 4932 53790
5912 940 9367 4489 7923 2650 9060 6846 6358 2148 55693
6435 2960 148 1654 5948 6954 6426 8061 5690 2037 46313
6692 6663 4183 4164 4828 1734 5393 7960 3252 3021 47890
722 602 2289 1099 8744 1007 1004 1614 4821 8745 30647
8357 2437 8239 7229 3401 7831 4201 3368 6655 1653 53371
2769 7444 7190 8916 8877 7513 8564 8828 7448 97 67646
312 2398 2783 4422 3274 3108 1289 5004 5287 9298 37175
3860 131 2975 1086 9936 9311 5543 3864 7521 691 44918
9125 9889 9352 4604 8503 9741 9408 1477 8173 3869 74141
4539 1860 2025 2477 4976 9037 1028 687 2663 5142 34434
4557 8259 8773 7029 2893 3841 7075 7446 7600 9460 66933
4437 4914 7246 6230 8494 1496 8108 3493 3509 5769 53696
6859 6192 1315 5333 812 2398 9892 6997 9221 7453 56472
3106 3146 9997 4987 6114 8477 8513 6779 8531 2315 61965
9728 8233 6474 7689 5068 4958 6199 2980 6772 6988 65089
7588 8292 8823 1971 6853 7341 5794 2472 7323 9666 66123
1929 4913 8342 8540 3648 9080 6386 822 2171 2252 48083
5329 2480 1440 8887 8766 8817 971 2240 8358 2505 49793
2602 6852 6213 1820 128 3432 9771 6658 1083 1304 39863
8066 1891 2471 1329 4960 4538 24 4869 2567 3948 34663
1029 4894 9621 4782 718 6681 1550 1528 6977 8775 46555
7556 7429 7811 3315 9759 7100 7702 8874 7213 6089 72848
1788 6852 2577 6130 2584 5276 19 8735 6219 3538 43718
4267 3274 7410 7997 6828 7664 5524 8565 6584 26 58139
1781 9122 7324 693 8959 3059 1601 8161 8428 7358 56486
7126 799 9913 9155 3041 8954 6416 8959 3096 9706 67165
7055 9034 211 5280 4537 5035 5264 5672 5094 186 47368
9707 3420 7330 8230 6718 3719 862 4038 9444 1206 54674
1639 6378 897 7003 7538 5568 7765 9511 3870 5444 55613
3270 8213 5880 3024 7292 2001 1016 2669 1450 2451 37266
8983 5589 66 4568 2628 3840 6353 3313 7800 4926 48066
4626 8802 5189 5948 6260 7564 8153 5292 915 2617 55366
785 3103 2160 4770 6687 9399 9586 9690 3861 2085 52126
3920 2276 9385 3785 4581 3355 5216 9815 9224 534 52091
9753 4799 9551 7619 8115 162 9300 7797 2566 3626 63288
5589 8770 9041 2772 5438 7777 4536 8956 3331 1506 57716
7922 5627 6045 1893 7557 2858 4693 6921 760 9354 53630
5148 2189 7882 945 1823 1432 3620 7972 4745 4527 40283
6117 3906 3155 2310 7269 4226 3258 6889 8867 6678 52675
4908 1272 4393 6013 4229 8838 1398 3525 693 1368 36637
3805 2767 5437 3887 2636 3659 1400 745 822 7170 32328
2035 8548 2727 5422 2289 553 1136 6428 1869 3706 34713
6271 8156 5522 1889 1496 8987 8454 557 879 5299 47510
5020 5758 1473 9061 4836 5995 1428 2111 4893 2002 42577
3733 7403 9113 1479 2925 8891 1722 844 2596 5525 44231
3884 7752 8224 9740 5872 4533 3033 1923 5183 4075 54219
1945 8002 6238 3845 1064 4464 6278 2066 7442 9816 51160
7921 8120 1766 7954 2846 5356 8482 6594 7912 7964 64915
9764 3012 8406 9983 375 957 2033 177 7749 9221 51677
2550 4876 7826 2766 6231 6171 9763 7602 5375 3689 56849
2710 4514 6538 333 6112 9836 1097 8852 5636 390 46018
3172 152 3068 4659 1351 1949 721 8155 8955 3935 36117
1732 6225 4984 1138 5881 9235 1933 8473 9521 302 49424
4476 6237 8695 3697 9310 8243 7845 6719 6187 3515 64924
5420 698 9709 511 5291 332 8724 1888 6737 2349 41659
4882 7371 4458 5743 3474 7138 8235 7587 1863 9929 60680
1952 40 5893 6267 7496 6418 6961 3409 7076 52 45564
3416 1193 2018 6283 3089 4183 6404 8721 9246 4565 49118
3280 5009 5386 4501 1656 8630 3173 1167 988 9220 43010
8513 4835 8922 1777 4551 2170 8214 6541 5409 1157 52089
1882 6940 4034 1973 3980 8276 965 6632 9744 4270 48696
6462 9163 1509 9130 5702 681 4907 599 651 2843 41647
7810 9723 253 2446 9222 2210 4186 195 4317 3696 44058
2701 1629 8998 815 9071 8512 3805 3289 7623 6939 53382
9437 4029 7901 1657 8305 2174 8483 7620 7962 7269 64837
7816 5969 161 9652 2206 437 7622 4486 5055 4337 47741
179 7820 6036 9783 9440 2004 5579 890 2508 2028 46267
6866 5405 4008 2151 9174 1478 1399 4422 5973 4554 45430
6714 6118 3621 1306 5060 6018 5163 1389 7281 9581 52251
1009 5604 8875 7885 4419 1427 1044 1762 4139 9878 46042
2789 5697 3272 2552 5663 3319 3552 4158 5892 7606 44500
6676 2743 6199 8925 4076 7876 5690 7271 5459 7156 62071
9977 7770 103 6773 2783 8466 6023 7916 9127 1412 60350
6974 7767 8087 3379 3475 4741 1197 4034 427 6306 46387
8754 6110 1370 2059 1492 521 4526 5596 7519 4639 42586
145 1047 4156 450 8769 2964 4537 2320 3652 9936 37976
1418 6208 7260 4184 137 4912 8164 7629 4303 8719 52934
8877 3537 6722 6603 717 1524 7408 8909 9133 1620 55050
6478 7632 6561 8695 5360 2762 1275 3506 59 7780 50108
6615 9552 7821 6810 1780 7727 6015 4915 8774 2174 62183
6893 9690 868 8790 6435 7034 7380 9538 3002 5748 65378
9054 7929 3469 7267 5974 4798 8328 5386 8021 6363 66589
4307 8377 1839 9216 89 3545 3905 784 9391 3918 45371
7722 1667 8862 304 1911 1918 5424 337 5563 6509 40217
8250 9666 767 5180 5462 8225 299 9747 4485 628 52709
3200 7165 9973 7730 950 718 4021 5512 537 150 39956
6502 793 7509 2264 5226 5206 429 1850 3622 32 33433
6389 8711 6268 3521 7572 8025 8309 2195 5530 8667 65187
4767 3195 8740 9412 847 7044 8541 8419 299 1506 52770
9025 8286 3224 2751 3566 1146 771 6864 2975 4364 42972
9458 5288 4627 7656 1450 5668 2328 4120 3511 600 44706
9350 363 6634 4665 4933 7238 243 6757 8531 5913 54627
7705 9275 7021 1675 2187 2959 6892 3159 8924 2031 51828
7433 3110 3614 9658 3236 8333 3554 8938 4746 1897 54519
8642 56 1507 2557 1208 6985 8202 3575 9389 4679 46800
5163 3026 1484 7680 9957 8070 9504 5336 9519 7692 67431
8818 1266 5930 769 7193 2546 2014 437 9227 3931 42131
3555 218 2669 5470 2527 7957 7682 9023 4393 696 44190
6263 8907 3464 3254 3130 4876 9863 3022 4258 3107 50144
2651 2069 940 6332 4154 1920 3631 2200 1313 3158 28368
2919 248 3834 2585 1220 1951 7328 5903 2087 8803 36878
4913 7685 9281 4881 4298 8326 9435 8140 4573 4158 65690
683 7325 6216 9194 1287 5709 2609 6840 4597 7306 51766
4497 1379 5572 9553 8560 6586 8601 4032 6546 6282 61608
7572 4182 4180 3893 793 2087 4316 5888 7257 9154 49322
2619 4294 5277 3951 5621 5408 3758 4366 2624 5909 43827
4909 2233 8315 6452 9124 2635 3623 4387 9833 6560 58071
1874 7966 5034 1729 1565 6203 1453 7889 6883 4193 44789
8450 7400 3170 3749 4854 5457 9230 5769 8506 7980 64565
5066 3422 1566 5711 6847 4821 3936 7396 4274 9740 52779
7783 9930 3698 4934 1106 7625 7385 572 2234 4403 49670
9043 6980 2145 5060 1989 2729 8553 8792 5004 898 51193
7743 1283 2369 5331 3250 4862 7325 5081 1787 4509 43540
8487 6624 5573 7559 437 4249 2337 7126 1192 4699 48283
9063 8723 2339 2362 9295 2170 6373 7746 9344 6118 63533
4673 5654 4884 717 9583 8706 668 6984 9702 9246 60817
3983 1529 7456 9929 8856 4946 9418 1587 8070 3524 59298
768 8649 3353 9884 3026 3305 9625 6511 101 8010 53232
6331 6233 5386 1051 6671 1171 5004 7809 7152 7688 54496
9716 5629 9744 4946 3933 1050 7162 3276 6005 4854 56315
2747 5997 1632 451 8939 1896 6102 6196 5980 5631 45571
5216 1257 7458 3096 3734 4754 5500 5868 9171 1866 47920
2504 8307 6109 2672 3364 7120 5607 9448 7009 609 52749
4676 5282 3932 7896 2273 1047 7375 1986 2464 4792 41723
6068 5311 1434 1604 846 3895 932 9860 1441 8372 39763
6573 5977 472 8319 85 7030 1962 7736 2640 1551 42345
3881 8892 5427 6875 5683 9208 2863 5963 397 5021 54210
8120 9058 1697 4585 9910 867 2156 3687 2356 8230 50666
6750 2262 3870 4172 4387 3212 2543 7438 4445 2412 41491
3107 7689 5525 9576 2774 2137 3158 837 1043 2081 37927
6352 7886 6486 7843 2501 4260 722 4324 3726 5197 49297
9052 934 8574 5195 6259 3602 695 6765 5757 835 47668
3121 9401 5967 5448 2393 8532 8280 6532 5984 1998 57656
5627 2687 9425 4595 1517 500 400 7849 4115 7727 44442
9199 8697 9350 1401 7248 5943 104 9965 2007 8979 62893
3345 5911 4531 9388 7207 8100 4443 5943 4738 3958 57564
9001 697 5939 9823 7181 5310 7766 8274 5138 3470 62599
4015 6466 7527 7791 2133 7498 6359 8880 5885 2806 59360
5055 195 3189 535 8756 85 4183 6101 7301 7474 42874
5739 3235 8814 1591 2494 5837 1453 121 4729 3203 37216
8470 1510 3220 7240 4917 5538 176 1484 4675 8188 45418
1395 6992 37 4646 852 4129 2558 1496 5866 4608 32579
1853 8219 2422 2691 729 7137 520 4348 1120 5341 34380
4034 4982 9783 6977 1224 7452 752 481 7682 7689 51056
1044 1980 5643 1188 7795 9415 9586 4456 3318 3066 47491
2872 797 2320 8887 5325 1579 2282 94 6447 5340 35943
4398 3456 6420 3492 7745 5996 1882 3298 9030 8713 54430
2742 2786 1204 5743 909 1433 6353 9423 215 6371 37179
3785 575 815 3324 7648 3232 9152 4819 1582 133 35065
3418 3048 2676 7126 8814 5922 5873 8378 8000 227 53482
9525 7789 8978 1382 7517 681 4170 8950 2934 3354 55280
2998 6173 988 3952 1764 5407 9501 9749 9024 9110 58666
6419 8281 6566 3548 3696 9673 4514 5248 4289 2447 54681
161 5813 9804 9702 8575 5392 9523 1289 6095 6589 62943
7162 1626 6226 1483 6598 3234 4948 6300 2178 1250 41005
8877 8533 7019 9392 7989 3686 5904 9910 8287 7506 77103
5448 7734 4570 6763 9489 1182 8594 3558 7696 5940 60974
3446 9831 1955 3899 8582 850 1812 8433 3706 5373 47887
5271 4920 9429 7901 5212 2312 7833 5088 8369 8735 65070
4252 8876 5007 9110 7525 3117 719 7232 7994 7559 61391
405 2141 6486 6748 8595 8714 3152 7522 8799 8974 61536
6979 8666 5729 5986 8772 191 510 461 2974 3711 43979
8476 6814 4020 8318 450 3326 7671 6000 954 945 46974
1564 8517 6303 4847 6433 8805 6606 1617 8005 1987 54684
3716 2236 1478 5686 7270 613 6979 4965 6074 1803 40820
7345 1112 1223 8539 6573 4172 1086 2500 243 6429 39222
5416 9801 3342 4164 7539 4537 143 8889 4767 1522 50120
2478 9698 1065 8922 8808 657 1732 667 8672 3432 46131
2251 4930 2534 3235 2173 5092 9472 3471 6698 5323 45179
7133 5852 8824 7302 5581 818 8546 1272 1979 2875 50182
3772 6969 6683 7246 9931 2280 3280 626 3865 640 45292
2101 4791 2616 7232 2310 2222 7983 6533 8926 6928 51642
7338 3280 1730 6938 6013 6904 4567 7346 5443 7520 57079
367 8127 7242 3193 8159 3541 2443 4269 6426 3593 47360
3101 2916 5628 9327 1305 1418 7629 8726 5249 2950 48249
7744 3250 1341 6853 6564 7130 4543 1474 8766 6544 54209
4594 2022 8643 9503 9810 9169 3222 6120 4436 393 57912
2107 1725 2264 2221 1997 6123 8108 3499 8720 889 37653
2999 4373 6074 5627 8565 6304 3361 9165 2475 170 49113
7149 8395 4961 2806 3130 2055 1417 14 3833 9945 43705
5684 839 7943 3654 5594 2459 4711 9527 4376 4019 48806
3231 8433 9339 9766 4984 8278 1059 193 7477 5400 58160
156 4694 4092 6706 4037 2801 8071 4423 1952 9273 46205
9152 7283 2837 317 1037 6155 5235 9927 5563 6136 53642
7626 895 8317 7714 4688 2550 8509 9214 1401 2537 53451
1527 7261 2860 3637 7434 3773 5736 5560 3567 1954 43309
421 5021 3207 5368 5937 524 8983 5780 7008 5893 48142
9297 9472 5186 20 3565 702 2116 9853 3418 5770 49399
1692 2862 7924 129 914 4429 4180 5745 5811 6759 40445
7177 4002 9156 6815 6713 5058 5264 762 3591 2467 51005
8123 2451 5924 3685 1648 3713 6805 4206 223 9173 45951
6023 8017 1407 8135 1533 8481 6430 7458 7165 2377 57026
7196 3407 5699 7315 8317 7893 7853 7942 6200 4876 66698
1944 1853 5449 4053 5554 4994 6714 6314 5658 9093 51626
4168 282 6282 1264 2396 6602 4793 9181 573 5535 41076
9384 4106 3274 1190 2301 8030 8028 5295 7508 3053 52169
3618 3445 6794 6740 4428 6383 3325 7656 4920 5189 52498
3019 6622 4509 6371 9468 1117 4871 1068 6230 5552 48827
4092 4806 5247 6284 3983 1146 5788 9546 7539 7284 55715
2314 4366 7008 555 4585 1968 4069 2236 8445 6139 41685
33 4103 1030 1691 8708 7984 124 8028 3388 1873 36962
9454 5028 709 8207 4140 9299 8735 7861 7495 1823 62751
8814 1363 5939 3371 9158 8130 9911 4639 9304 1624 62253
7469 5257 6652 201 8722 5565 5898 4920 6004 8762 59450
4028 422 2513 3030 5370 567 3243 5137 309 2639 27258
6328 6055 9623 5464 1865 825 1822 6295 6604 7070 51951
2188 832 9270 5086 5412 5269 4549 2219 1082 6949 42856
9218 2537 6240 2816 7438 5355 9623 2560 69 6424 52280
5089 3685 2155 9197 2067 8959 5098 9479 803 9718 56250
3475 3618 9614 2708 1063 9513 7842 6017 5848 6418 56116
7621 2839 438 2167 1312 1874 4512 8648 4152 1730 35293
1695 8069 6574 1530 766 365 493 6553 1744 3895 31684
75 6251 4911 1740 4742 7327 2134 7685 6179 2860 43904
2896 7294 8970 3395 4162 4113 7719 9735 9331 2349 59964
2309 6461 8649 1353 3958 484 9918 4633 1181 5053 43999
9791 8907 101 6277 6085 1594 8910 5430 1649 2236 50980
7226 2020 6010 757 5118 4870 8622 3628 502 920 39673
6391 7008 461 2948 3886 1164 9623 4571 6129 1331 43512
576 3572 7448 8952 831 7538 3350 9633 2951 4491 49342
2403 6781 4826 9269 3190 8992 6364 4865 8488 9087 64265
1365 676 721 6267 7113 3022 9401 3905 6946 5817 45233
5805 2244 5870 9118 5876 9928 4550 7406 2072 9340 62209
8469 454 1663 6076 4392 7346 3142 6644 9147 9302 56635
1551 4520 5656 9288 3013 8269 5765 7708 222 9848 55840
8452 2251 4060 3531 5004 7737 6531 2665 1255 6735 48221
4113 9852 6607 7070 7535 8286 9454 413 3824 4171 61325
2830 7580 2701 7892 8277 3664 1822 8329 4056 1881 49032
2274 2800 4420 5877 6840 7947 3308 275 8192 2029 43962
3919 3441 9800 3579 4040 7261 9551 3814 8672 4190 58267
5000 911 9559 9510 9818 371 4763 6645 7555 7731 61863
6475 9995 131 8989 8082 2933 4881 3087 8510 3835 56918
2882 3118 4633 3591 7661 499 9747 2913 5193 7715 47952
627 4066 3625 632 747 6527 9189 1953 1272 2654 31292
844 4026 3199 5250 7703 9907 9404 4082 6135 3085 53635
7408 2054 189 3214 5030 3871 5249 8946 8049 6356 50366
7266 984 2803 4148 9537 6635 7715 2275 2764 9877 54004
5948 1650 4094 8038 2014 7458 9863 3053 5891 6891 54900
5548 6853 8692 1906 6254 7264 1764 9995 1450 8279 58005
916 4299 8189 9118 2508 8106 9240 4872 4746 8752 60746
4963 6544 6874 8521 5943 3720 8984 1107 3778 9340 59774
1062 1016 9356 1913 7962 2046 3794 1846 3902 6732 39629
9713 5780 8068 9059 517 1154 3810 2537 8281 2437 51356
1219 5875 5326 8115 5784 5118 4701 2360 7883 4233 50614
5938 3707 761 5229 8646 7067 4859 3835 4399 5293 49734
9283 1616 1159 4626 5389 8607 216 8941 7990 6450 54277
9228 4094 6215 2217 2446 9952 4005 7654 5426 611 51848
5356 823 3471 5522 3933 6293 4530 1217 8554 2859 42558
6600 9564 1718 6870 9774 1510 5264 2335 16 8535 52186
9104 7433 993 9596 7327 378 7497 2693 3005 18 48044
