8692 3196 2010 8096 7918 7625 6519 2483 2580 2097 51216
7552 873 9689 3261 9045 9012 7431 5236 9711 8285 70095
6925 1881 2183 7183 2424 6286 7834 4896 6571 8954 55137
4611 3107 7314 2956 5018 8769 3295 4786 4660 5248 49764
3865 9484 4090 162 3304 6800 3455 9982 3860 1152 46154
2152 7031 4327 9267 8916 2752 940 6025 3109 8556 53075
8383 2145 657 6142 2776 1478 4616 996 3155 942 31290
7341 4725 3962 4321 8311 3970 9725 4318 5058 2284 54015
6317 8874 7947 1071 3890 5726 1181 2425 3615 5550 46596
8747 4220 5076 3194 6938 2562 9428 8308 3275 4170 55918
1104 6358 8765 3422 9799 6261 9935 1997 1174 1677 50492
4473 2500 8357 8056 6526 9850 5125 6364 3822 389 55462
5796 7679 7464 8947 8099 6822 5721 4425 5176 228 60357
1234 2574 5924 4955 7328 8887 6764 446 218 5709 44039
1236 9184 6716 6223 5510 5237 3395 1788 4774 8050 52113
4485 4740 3112 7379 9033 9373 3378 8370 2771 2727 55368
4798 4352 6417 2634 8880 9057 1350 3645 1703 1319 44155
8444 5297 9385 1450 7510 3614 2252 7729 5724 9790 61195
5257 8455 3676 1996 5889 6146 9402 2321 6599 1788 51529
7626 4923 5140 1598 8361 602 7328 5017 230 1897 42722
8149 3983 3619 6844 6592 9946 7355 7313 5361 7878 67040
1434 2053 516 6590 3499 6942 1742 2696 5667 8689 39828
1009 5169 1756 2726 6519 9778 6148 962 5415 6748 46230
5897 6310 7280 5851 6482 5761 6214 6776 7436 8959 66966
9409 101 6798 7281 7489 4565 6725 7196 832 5724 56120
1130 4812 3362 3013 9730 1287 2895 6013 8081 138 40461
2804 7074 135 3978 980 5923 5144 3730 3053 7359 40180
9875 9705 4796 4059 1651 7297 2295 8443 7846 6198 62165
8485 5999 5260 952 2698 9725 34 7318 3713 2694 46878
5873 5495 1513 671 1583 1563 8666 7449 8754 9284 50851
3724 5651 751 5662 7656 2648 8026 4868 6096 9432 54514
9456 4262 1968 3795 2869 1545 4143 1762 1476 4371 35647
9921 5800 5484 4587 3715 3813 1521 3416 7924 3121 49302
8194 867 3515 6207 8696 5632 1189 1101 8968 8868 53237
7818 4377 2372 9085 3420 7382 3115 9105 3091 9531 59296
3872 9563 8417 8549 4575 3366 965 4090 6778 4821 54996
2046 284 9661 2084 5405 6179 8426 3587 4885 1894 44451
1298 6301 3770 5250 2140 4958 1630 7515 4185 4513 41560
6017 5050 7748 1590 6630 6553 7012 2450 5650 7290 55990
9738 3140 8421 49 4725 5378 6222 1904 6216 7685 53478
6960 7951 3265 7230 7652 5618 4585 3895 7863 6516 61535
8679 9574 9213 3201 5672 3166 5111 405 1691 204 46916
4385 9035 2424 5853 3044 4332 8040 432 4096 170 41811
3991 7119 8241 631 8693 5970 7050 8810 6058 1917 58480
7322 8615 9537 8303 7452 7896 5610 1127 3689 4307 63858
9001 4445 6337 6021 3948 1734 5618 5784 8744 9193 60825
4404 2535 1040 3315 8648 734 8853 77 288 5813 35707
3679 5145 2769 8094 763 516 58 9589 6959 8931 46503
4986 2612 3395 9814 5566 5764 9711 3154 1107 7796 53905
5551 8548 1673 6315 4688 7312 6800 9497 3794 5565 59743
7869 7133 5487 573 8396 717 264 2868 7876 8898 50081
9653 2350 4837 1885 9602 4779 5487 6978 4860 8563 58994
5827 1611 1353 9415 2391 8956 1413 1942 8559 1167 42634
