8317 5635 889 3135 1332 5507 4132 6842 1086 1325 4889 6145 49234
3876 9381 3644 1423 8263 3813 7364 8006 9531 6345 1033 8625 71304
1708 1323 9221 3388 8833 6902 3871 449 9466 2576 7052 8570 63359
5672 4508 9623 6295 5121 5547 7842 8774 6519 2288 3610 5479 71278
4844 3119 2395 2600 8223 9856 375 3517 3757 5739 7393 745 52563
4870 7336 4844 4990 2169 6038 9027 9110 7117 7104 2248 7669 72522
1164 164 4802 8584 4050 4973 1519 4208 1197 4845 8225 7948 51679
2652 9305 9447 7309 9663 8090 9916 7865 9999 3678 7801 5582 91307
9852 4836 7143 7733 6283 3340 8325 5365 8558 5074 203 2936 69648
6151 579 2669 3385 1731 1629 5834 9262 565 4858 9629 1072 47364
1871 2045 5392 126 6335 5674 3648 8669 1412 457 3318 4864 43811
2482 8070 1345 1311 2179 8600 7958 7689 3695 7590 1161 2141 54221
5439 4825 7141 4104 5019 4691 2771 2709 1967 5264 462 834 45226
8679 8692 7077 7129 6177 3551 6714 4497 9920 4413 2698 2245 71792
3641 3163 4330 5806 1913 2629 4147 3206 7899 7208 870 8718 53530
4211 6732 3957 9476 3164 966 7727 3599 2993 5647 1529 5066 55067
8936 9916 5401 2251 7347 3718 3065 9064 3526 4228 6339 7918 71709
2232 3494 5618 973 4021 3941 8498 1473 3760 1407 2173 324 37914
4462 4754 237 8949 841 6787 4381 8824 3566 6019 4735 8078 61633
4441 1075 3945 2842 5026 1527 5378 6151 545 7886 2193 4673 45682
9589 107 1022 3120 5942 5699 3010 6203 3731 6430 2109 22 46984
1346 5209 9267 2707 2943 3290 6910 7449 2741 5451 4455 615 52383
3794 922 6197 9262 1546 5214 2502 4188 2930 7710 9310 4782 58357
1632 6743 2009 6784 3860 265 197 5036 7991 3188 4823 6268 48796
6313 183 7635 8229 2301 9475 7505 7613 1828 3499 5966 7095 67642
3320 2535 6955 3534 7338 711 3462 170 5207 213 9001 9189 51635
5253 8283 6750 7898 2565 2794 2882 5961 5250 2596 324 1502 52058
6980 7241 7796 7536 1008 5839 841 169 1399 938 4823 6185 50755
621 7875 2318 2323 1784 9523 4787 7194 6808 9013 6595 7342 66183
8390 8498 2909 4060 611 9240 7786 284 9693 3616 8857 6069 70013
2438 8337 4059 9367 8141 454 2582 5998 293 3328 5579 4964 55540
3075 4548 987 2881 8038 1478 942 4809 9852 3584 2806 5954 48954
566 5404 710 1085 9329 2412 4780 4537 7628 9846 9471 3095 58863
1113 3122 1846 1669 7997 1615 6798 5552 3748 8059 1054 2985 45558
4846 419 9834 432 2724 8221 4324 8412 9866 8585 7492 4936 70091
2345 7656 2174 3404 5464 920 5507 6664 4108 1888 2457 2794 45381
6995 8940 6643 1333 5190 1032 579 284 9589 8525 7068 4765 60943
4499 3696 9735 1979 6120 1328 6936 2281 8323 8575 5170 1236 59878
9003 50 3817 7823 4362 5225 3622 5518 4412 4519 4241 3731 56323
3569 3995 8161 5034 8172 3908 4122 5591 2586 4675 2265 2406 54484
1552 6857 1248 3684 607 4528 588 1910 3064 2354 1355 8648 36395
5876 98 2173 7790 4519 1251 4450 5437 3646 9631 3966 4469 53306
2228 8032 9993 3903 4345 7044 1742 9289 7750 8497 1506 2548 66877
5579 4547 9593 5786 2717 599 7145 3497 9797 3317 9796 4476 66849
3272 1983 1850 5240 1028 5268 1549 5126 5622 5261 861 249 37309
5213 8617 3535 540 9301 3673 3214 9212 2980 791 8438 808 56322
2946 8060 7014 9103 6559 1552 1384 4132 3450 5662 8473 8896 67231
3439 1116 8790 4163 2274 2940 1916 6750 9556 1155 2434 6099 50632
9890 3420 6051 5498 206 5541 4478 5057 7277 5410 1380 2023 56231
1014 4031 7980 2528 3914 8457 8544 4894 7873 2781 6466 9626 68108
