9235 8562 6200 510 1867 1719 3143 2577 379 3151 37343
8637 2876 5727 2760 9015 5157 5750 6506 9799 8541 64768
9941 9863 2194 1441 1459 4547 2134 225 7260 8508 47572
4076 3099 4492 5884 4788 6877 9893 4987 2372 5713 52181
2213 8697 7336 4028 609 5085 1434 278 916 580 31176
1294 2136 3791 1567 1385 3168 5687 9117 8977 5052 42174
2361 2529 4865 3086 7221 8845 5850 2720 8214 3949 49640
9215 8819 6118 6381 2704 283 177 1288 2251 9386 46622
6591 8520 8890 7165 7035 4774 2826 961 8984 707 56453
5603 6704 529 3118 8347 2761 1156 801 6849 8201 44069
8680 4976 4355 9807 7494 3354 2439 2307 2763 9568 55743
897 6773 3121 290 1226 5329 7737 4626 4364 2715 37078
8978 239 9321 5537 5229 369 652 4341 6944 9530 51140
830 9839 4873 4409 300 4872 7734 9941 3143 5826 51767
2613 3226 5901 5113 3919 5433 260 4488 4129 9769 44851
4807 5720 2467 8370 8977 8186 5626 1273 5543 6622 57591
2757 9977 9791 2545 8691 2889 5445 3066 8754 9335 63250
9673 5527 1178 4070 5592 2030 8259 433 8056 314 45132
8526 1095 6107 7589 1645 7926 2248 704 2772 6794 45406
3365 4942 8522 9242 9629 5098 5094 4770 8127 8460 67249
5150 5734 5104 7164 6880 6486 9021 563 8498 1542 56142
1577 3214 517 8298 7499 8351 6338 4163 1821 2740 44518
6175 3154 3868 214 8988 3514 1809 8927 9889 9081 55619
3276 2572 2872 8551 3613 8169 8312 9099 5813 733 53010
9912 4032 1618 9614 6855 5030 8689 6580 7956 5365 65651
8313 7411 4746 713 4697 9037 3212 4461 9635 5716 57941
2953 3492 8556 2364 9180 9243 7411 381 9332 9934 62846
8863 1417 9403 325 803 2050 6400 2421 3340 6034 41056
4937 5494 4987 7890 2018 944 6116 6086 2562 5271 46305
4113 9806 230 9793 7580 7788 4389 588 7643 7880 59810
4815 7279 5270 4057 4397 1867 7528 9734 6845 3358 55150
7976 2449 4310 509 9902 2952 6148 1379 4122 3263 43010
5880 8373 352 5713 9328 5965 7363 1092 704 8163 52933
5714 7258 8649 2341 9959 1015 2780 9299 2140 2188 51343
3261 388 8450 813 5098 9637 5731 417 9591 7853 51239
8483 4582 1038 4631 8177 6509 6274 1744 1074 3395 45907
1769 3017 6451 9575 5946 1013 3000 7782 4948 1625 45126
9005 9426 8921 8262 4063 4410 7955 4157 4619 4219 65037
1785 6381 5053 9069 3571 8690 5659 4509 8385 6793 59895
3130 8662 4333 4525 7184 5235 5320 9841 9274 2413 59917
6790 81 3655 2754 406 5528 4104 8203 8137 5878 45536
7902 5986 2859 8499 1166 6168 210 5258 9441 7921 55410
4847 8542 3813 7257 8095 7793 3206 8775 7013 3777 63118
1246 5283 9931 3604 8807 1423 8636 6453 9591 8877 63851
406 4773 5551 5156 5392 6645 7868 1405 2550 2464 42210
2937 8812 3089 5647 1165 7568 4930 6054 304 5319 45825
6038 6602 8011 4153 9216 7437 7102 1511 351 4731 55152
5044 8878 8433 9761 5968 3512 3499 3597 9968 3285 61945
3733 940 726 7014 9783 8112 81 8564 5907 7993 52853
8655 110 8936 5415 4411 9953 3041 4598 8871 2684 56674
4667 5368 2764 6846 9695 9002 6602 8807 3998 3078 60827
4431 1498 1047 8302 1871 6125 5541 3564 854 4873 38106
9412 8258 5339 3183 5842 7854 2164 5312 5170 7835 60369
1946 9160 6186 3118 5979 3936 3330 6666 3838 4664 48823
6174 3339 8859 4262 7917 8506 1758 8231 6156 7317 62519
4940 8548 6529 3562 9786 2759 5962 1754 4639 6386 54865
7921 198 1063 4089 3760 1044 1832 2143 4196 8360 34606
553 7276 4766 734 3291 8521 1152 2957 4565 9046 42861
1781 2790 993 2770 8013 8779 3611 6935 455 2605 38732
2372 4110 5145 2715 1178 3327 8732 9193 9353 7430 53555
6460 755 2279 6434 5845 4023 7955 6649 342 9163 49905
1193 9820 9082 5989 3512 6726 6296 847 1210 2888 47563
8442 1131 2679 5226 9810 1657 2945 7588 2708 3045 45231
362 3089 8544 6669 8049 7903 9159 9740 5024 9803 68342
6784 5557 8672 4705 3865 6928 4960 8985 3464 2706 56626
831 8223 5627 5549 8302 1346 5544 6261 7951 8511 58145
4145 3163 7945 8436 4425 3707 3591 222 7743 5472 48849
6883 3611 2578 8969 9909 6811 7023 8548 9390 5797 69519
9238 6865 7569 8234 921 5269 2233 4237 8900 2057 55523
1365 3526 2890 5621 5837 85 8126 5709 8314 136 41609
8879 7671 2543 2340 5818 5367 1684 1560 5505 3583 44950
9853 2386 9167 9387 9065 813 2549 5874 5953 69 55116
1460 9821 8201 1576 8350 102 1910 538 5979 6087 44024
6550 1700 4730 1423 1945 4452 8478 9426 4587 2943 46234
251 5181 3178 1961 3736 3078 3093 7205 6123 5911 39717
5572 8960 1162 2815 5810 6067 3735 8742 153 4682 47698
8811 5708 5353 6079 2604 4877 5556 8169 1982 160 49299
7575 7677 6622 2223 1381 2185 675 554 4798 4128 37818
3775 9179 1758 3056 9976 6398 3837 9717 5011 4680 57387
7945 7693 9053 9840 2972 7438 3978 4032 8915 248 62114
1223 205 9218 3588 815 3301 2365 6303 3562 8748 39328
2385 2891 9760 4161 7189 4693 4982 6223 6061 2654 50999
2830 4826 4210 8223 4870 4667 4096 5945 6481 5133 51281
2230 6088 807 4819 9350 9925 6929 573 2118 4051 46890
2014 6988 4558 1331 7232 386 9165 687 4120 3912 40393
8267 6896 329 111 8797 1569 1483 6084 9164 564 43264
8763 1681 5104 2869 4645 6475 9030 9115 5831 586 54099
3397 5863 1464 1844 4546 8744 4268 1366 2353 8957 42802
9568 7731 8402 6672 1249 8481 4850 7980 2551 3856 61340
4027 8646 2161 8014 5157 8107 548 6629 6064 6871 56224
2503 1572 1263 3765 9401 2249 6893 5523 4995 3427 41591
9340 4834 6199 7383 6980 6026 8931 6020 6529 9672 71914
4793 3326 4040 5501 5857 9342 4501 8971 3535 963 50829
6794 8131 9571 7110 8057 2677 5911 4900 5533 1301 59985
8176 3908 8602 8913 720 1286 2238 9150 1935 6281 51209
6046 9655 3805 546 6229 4555 4594 2176 5992 6251 49849
883 1749 9347 970 6790 5326 1336 1844 3893 3241 35379
4684 800 8873 3172 9891 6283 7067 5433 5047 1793 53043
2208 4571 3155 667 6635 7249 3753 8731 5544 8487 51000
1569 9991 6812 8688 4518 1688 2183 6775 4046 7673 53943
2793 9690 5772 8010 5625 5431 5211 7158 4032 2377 56099
6352 7150 2977 3118 4656 3821 2787 4122 4668 310 39961
2586 6220 4798 6103 1232 6815 6062 8946 258 6612 49632
4908 80 6094 3805 694 3928 8118 8541 2682 1631 40481
600 8028 9561 3370 8616 9673 1934 3349 1303 6005 52439
4539 8513 5449 5143 9363 2841 6850 3934 4983 3790 55405
2295 8835 6058 7787 974 8838 5610 3860 3655 2994 50906
7163 4371 5133 9233 3989 6816 8760 1597 2140 3429 52631
3720 5902 2182 1264 4708 6700 1787 5594 9515 7565 48937
1955 7610 9089 6341 2719 864 1604 9286 8612 9828 57908
311 6281 7306 2704 3364 6025 2623 493 7238 2005 38350
3078 3718 9697 3685 9090 9839 3418 851 1300 8139 52815
2628 7107 228 6339 9540 3121 2444 5461 2549 3766 43183
2514 560 6711 8101 2180 3545 3803 8022 5484 1983 42903
2900 1397 5688 8297 7183 2907 1027 8000 1488 3337 42224
8961 2192 3223 8924 8679 6677 768 6902 6723 9664 62713
4323 1889 8759 8095 7276 2300 7709 9210 8839 7198 65598
3538 5336 4705 1886 2400 3515 3398 7579 2163 3527 38047
6942 3901 1450 6960 9936 8924 2426 8737 758 6464 56498
1071 159 7745 5867 955 8501 1457 2756 9600 3216 41327
6464 2248 9621 6941 5053 7540 1472 506 9134 6339 55318
7193 517 9311 7906 7546 4249 5320 8119 9738 5954 65853
2912 7930 6534 1996 6891 858 1030 5821 6754 7296 48022
6847 8316 3671 5297 7218 8623 2734 743 5406 5753 54608
1297 6664 6575 8299 59 6272 7470 7128 7527 4881 56172
5404 7543 463 9020 7359 3092 4035 4398 6804 9507 57625
8989 1434 761 642 6846 6412 6424 3400 5471 3614 43993
1609 438 6977 2728 7740 7554 4238 1763 8707 1012 42766
5456 2172 5978 3111 5973 6842 9624 4136 8661 6506 58459
4047 3120 669 15 671 3611 9691 7761 4453 4994 39032
2596 1767 6000 1114 2929 1033 8509 8469 4516 8107 45040
5204 2214 1793 3511 7391 8229 2299 8058 9481 9479 57659
3632 5724 9475 9542 4064 8805 7004 5664 1739 8151 63800
8716 3259 886 5390 9223 6340 7454 8340 7999 1288 58895
5195 9976 7880 3685 5869 1545 350 8668 9482 8317 60967
63 5889 292 77 4344 553 1550 363 3061 2198 18390
5984 5659 1236 2758 7874 4996 927 8838 3050 8629 49951
7507 9814 8336 280 4459 8391 2945 777 781 6847 50137
9595 842 6597 3095 8890 4165 9830 8638 9217 4122 64991
3565 5049 6285 6443 92 2223 9564 8403 7445 2473 51542
1878 7859 1869 4966 1445 6214 35 1113 1538 7988 34905
847 4428 9866 3828 1464 3796 285 9007 9939 2126 45586
7397 3669 3855 5902 5264 3398 8242 7901 2521 2625 50774
3048 210 7903 6556 9915 6478 8413 750 2493 784 46550
6523 6892 9270 5270 3164 3724 899 1536 8161 9489 54928
5089 1772 7148 5266 6605 5090 6548 1395 616 4941 44470
4061 7741 9144 1528 6982 1854 7295 1437 3034 1234 44310
817 1709 5796 6217 5906 3214 2526 4679 8272 455 39591
507 5366 5475 1838 5390 8658 7870 2740 8912 6626 53382
3531 9405 7968 8602 381 2324 6372 3993 1272 3246 47094
4599 952 9102 8120 5474 8050 2109 5753 8818 2621 55598
1091 3744 6345 9336 6603 6715 6859 6007 3725 1073 51498
1005 1176 4309 5784 1811 8816 6289 4524 2428 9970 46112
3107 6729 1438 6042 18 4491 2915 1690 6126 6844 39400
7862 871 292 2272 8095 52 6564 2254 3672 3002 34936
6785 1376 3721 7240 3713 1754 9202 7138 5530 313 46772
9410 5035 4485 4350 228 839 8956 8710 3430 4872 50315
7064 6779 9795 5068 5014 1086 7363 475 1103 8239 51986
3532 3083 2397 8942 6645 1147 7935 927 7597 575 42780
6382 2077 9241 1082 1097 3662 63 4060 7222 7688 42574
3293 3105 7436 7198 2072 8774 5739 264 7697 1943 47521
5949 7988 7899 7101 5944 9803 2885 2016 8660 1165 59410
1923 3849 6575 1284 9927 2280 2982 2035 348 2635 33838
5020 3948 7588 3513 9417 3580 4617 8525 5737 2959 54904
5732 4911 6325 3281 5898 3750 8433 57 7960 4844 51191
6784 7955 5158 7118 6603 9617 6265 1950 7553 9976 68979
5866 6408 8482 1534 2480 1785 7309 7717 4363 3753 49697
5042 4325 2155 6909 2098 46 9301 4666 3158 1437 39137
3849 196 2520 4181 1597 7571 3207 5870 6816 5718 41525
7671 9818 172 2047 854 631 1961 312 1713 9632 34811
3284 7181 3301 9657 3611 4857 6833 2414 2422 552 44112
2130 8914 9687 5585 4760 2752 7779 5677 6436 8174 61894
6026 8202 847 6006 4711 1004 8654 2805 9032 7555 54842
2244 1573 6851 9145 6061 1466 1564 5078 4891 7893 46766
3746 4037 9029 6044 557 1594 5614 2501 918 6699 40739
6326 6665 7198 6286 4417 2683 1364 8295 6589 7552 57375
2830 235 440 198 7463 802 1386 9761 7719 5389 36223
4376 4549 4824 7933 6644 1556 8279 6031 6447 6270 56909
6470 8435 2933 946 6959 6751 5691 7040 5185 2706 53116
5012 768 6127 5115 7238 2340 8910 4184 7576 7370 54640
2893 3415 8231 6610 8795 830 3554 8946 6149 7278 56701
7916 6642 1872 738 4803 1445 1021 496 66 4485 29484
7454 6018 4457 587 7106 5698 8360 6810 233 7226 53949
244 6847 9251 3231 7172 9054 3524 4957 1973 2219 48472
4456 4568 2037 4976 332 6111 7985 7459 5005 2809 45738
7467 9327 1168 9942 6119 2611 8925 4647 1916 8933 61055
9886 9970 5422 9282 4952 2089 4913 3375 7019 5721 62629
1915 5998 9161 1593 3345 9057 1474 8853 6280 8908 56584
5086 3516 6145 5846 1705 182 2954 146 397 4951 30928
5748 3825 8666 9872 5227 9927 3473 2607 9018 2350 60713
9669 1348 8991 5437 663 7438 5996 5171 9091 4973 58777
9409 2844 8720 7428 9040 6321 5180 6603 4716 1299 61560
320 7226 7879 3992 5525 4101 9466 8345 8356 3090 58300
3755 9000 5285 7065 9944 6716 5419 5702 338 5070 58294
5620 4579 578 4773 5673 3366 9102 7435 5261 3503 49890
8959 989 1456 4720 3250 9190 3532 6758 4044 7125 50023
3297 1017 1254 4280 4451 9747 3540 6462 2830 5954 42832
9140 5567 8476 1050 6896 8816 3466 5563 4690 2497 56161
3393 8593 8366 73 6121 8437 4791 1707 140 3101 44722
3648 3615 3076 6393 6117 1618 1458 6210 18 222 32375
5215 8208 8077 87 109 8936 6679 6588 9563 5396 58858
189 432 5249 953 2737 3632 2244 8903 8845 2780 35964
4583 4466 8539 2497 1859 8190 9403 4550 6234 7157 57478
5576 1578 2578 1165 9471 902 6712 8682 6086 5475 48225
6532 4461 4026 3468 8034 9171 1197 2121 3315 1507 43832
3929 1070 6066 8388 4515 2010 2269 7622 5760 6843 48472
9609 3373 5098 1212 3982 6468 4241 854 8498 6140 49475
2579 2022 6879 7048 5711 9308 4232 2111 9744 6787 56421
1000 3215 4014 8007 6893 3614 6116 7215 6774 3662 50510
3626 7732 4382 5380 1447 568 2210 3976 2391 2847 34559
6724 3594 3589 7100 9154 4575 1194 728 8111 2015 46784
4156 9249 8888 6571 2890 5991 6530 9191 9697 5588 68751
8915 2896 2294 203 8675 1539 9509 231 3705 3727 41694
1088 5298 891 7381 4213 4090 309 3805 1593 9921 38589
2695 1276 5144 206 3390 3095 2412 5165 3837 5903 33123
2250 372 8947 1594 1049 8546 205 3206 8623 6144 40936
143 284 8772 3381 5094 2436 293 23 1121 3481 25028
4563 939 9507 8762 8282 6933 2058 988 7354 4986 54372
2647 1533 5028 9258 1958 6519 9061 9689 4559 4188 54440
8502 4438 9330 7501 8540 4007 7691 5394 5293 7374 68070
7434 8214 352 4095 8380 8435 1602 916 9995 9933 59356
154 3429 4812 281 4502 8697 7313 2310 3236 6452 41186
3017 5050 5404 7063 9102 1192 8105 5821 4570 5051 54375
1631 9904 1148 2316 9542 9637 6920 5662 3663 8084 58507
244 2691 5531 1829 713 5556 2969 891 2041 4461 26926
1093 311 1499 3327 7688 8929 1464 1876 8382 1772 36341
2833 6421 2013 1991 5379 7717 9485 2797 9704 3331 51671
3354 8570 4101 422 4714 7960 3246 4859 3071 8486 48783
444 1711 9639 4087 1894 8582 437 6275 8712 738 42519
6028 3130 9219 9086 1015 8663 5682 7802 3600 2805 57030
4098 355 9392 444 9321 2100 2141 748 6741 410 35750
9504 395 4251 9127 5408 6358 8785 8822 8253 8049 68952
3824 9136 4950 4216 6727 216 6371 9871 4640 5219 55170
3580 5063 6632 4139 4040 6836 891 6252 7358 7068 51859
7992 4805 4141 8043 5586 6186 7703 8947 7285 5922 66610
1307 166 3417 2291 2757 6314 6320 9652 5988 7000 45212
4720 2464 6364 2943 5130 5915 2335 1380 6150 1926 39327
3828 7480 731 2326 4424 5460 3439 2083 5124 2370 37265
8895 4652 4772 7783 4769 7755 8698 2718 3184 9649 62875
4631 9148 9222 5572 8662 5163 1697 6724 4416 8484 63719
9304 1616 4914 5088 9679 6435 9184 464 4857 542 52083
4725 1556 1146 5624 155 79 1985 3827 9045 7055 35197
9816 9521 1616 1849 4110 3762 8952 6605 8113 1686 56030
4921 5791 1953 8958 8957 1291 1892 283 279 1688 36013
1966 5589 4965 2488 8755 301 529 4387 8883 9606 47469
9471 3096 3604 1912 1035 9584 3874 4082 650 176 37484
7954 6413 4032 5588 335 8616 9550 4730 1425 4850 53493
4723 8335 1128 193 7543 9360 2448 5805 9981 7872 57388
177 1341 4948 865 999 5705 6297 3837 1064 1222 26455
7961 2482 1737 8718 7902 8264 1448 8351 4052 4459 55374
9411 824 8942 834 5138 3972 4894 1670 6215 1839 43739
5287 375 7906 6752 2660 3098 3203 9125 1080 1140 40626
8639 3972 2825 8096 6210 6482 7247 9348 51 1483 54353
6370 4663 5749 5584 75 2065 8193 4626 3982 4690 45997
2173 9077 3477 6750 692 7308 5502 844 2189 8726 46738
7480 7378 2596 4935 6023 1551 5211 7631 9728 9260 61793
2593 814 3871 9248 1035 3804 6625 3788 4979 5700 42457
2222 5585 3225 1311 3597 1941 2079 7815 5036 5099 37910
9290 7233 9604 4976 5135 8286 8195 6297 1903 7532 68451
6299 3977 9532 7534 1462 6904 1831 1696 4862 3355 47452
3170 3889 5223 9881 1214 2300 6776 2386 2891 8845 46575
5393 1359 582 5141 7893 907 1893 6828 8827 5671 44494
9649 7567 7142 843 9879 2795 2307 9180 4804 7499 61665
3147 9366 8362 5457 2013 168 5006 7029 9086 5164 54798
252 5119 7966 3832 274 8473 1236 5415 1108 6048 39723
7627 3488 506 3785 8562 9137 4252 1201 2287 255 41100
1515 2836 6022 9996 3058 6535 9275 492 4083 4400 48212
3716 3720 8173 5356 8368 1045 356 4994 224 6533 42485
2739 7031 5872 7967 4578 1595 536 3697 5691 3540 43246
3574 2640 2921 2922 138 905 9863 5827 4557 3984 37331
9030 3235 1398 2908 1380 1000 5144 6236 3154 2228 35713
6176 3773 7811 5833 7652 8441 6851 1915 2762 6689 57903
867 1325 3407 8841 5497 4709 1286 4890 9318 5752 45892
5452 4104 6284 9935 6837 1464 4058 3917 8954 4680 55685
636 9565 1056 2071 7837 5162 4033 9882 4972 3061 48275
9905 5526 5482 5821 1819 4606 4771 8242 5870 6344 58386
9274 4204 6556 3115 8422 6640 2083 4693 6415 8141 59543
1710 675 6960 3513 2567 2073 6875 5248 7046 6958 43625
2470 5821 2408 4974 965 3635 6217 6582 445 9473 42990
3878 169 8181 2409 331 8992 4021 3991 7815 7327 47114
7543 2374 9028 2039 3548 2472 7490 7929 6081 8909 57413
1392 9407 1458 5267 9669 6694 8373 711 8116 6872 57959
7398 7125 9005 8835 5929 6236 5875 3710 5663 8091 67867
7879 7270 8880 1400 6110 2509 9427 757 4902 6847 55981
9982 8957 7051 8140 2557 8913 1222 2213 8781 4905 62721
4655 7560 1659 5191 9768 6492 7548 2104 3712 716 49405
1254 1032 4132 6073 4977 3565 9280 2288 8029 896 41526
8355 5904 5407 1759 3039 5204 9125 1490 2759 4992 48034
6181 2772 9872 2953 8707 6986 1248 8366 666 6210 53961
2198 7443 6141 930 6391 1585 3526 523 3466 2315 34518
6723 3015 572 5431 7851 9706 604 1723 4068 1624 41317
2323 2909 7281 1267 6510 5701 8540 2550 9490 8946 55517
7239 8098 8596 309 7136 7309 1230 6426 2843 8241 57427
3346 4436 9297 1817 4081 2913 5563 6056 8818 9895 56222
7046 4921 198 1071 3764 1974 2131 9227 8823 1987 41142
7355 1834 2390 7878 3153 8891 4078 4126 3753 5069 48527
3988 5282 7557 3452 739 7093 8965 6659 5888 8726 58349
5435 5095 5440 4457 9282 7369 8546 7122 9046 639 62431
7325 6123 6195 9596 8218 9336 7608 3594 5451 5620 69066
2179 6179 39 1519 2822 5507 1515 3372 4852 4626 32610
8201 9895 4993 659 1985 7544 1852 6202 3825 1405 46561
7004 1312 8385 3730 2417 9258 4008 6249 6881 1625 50869
3093 6958 1654 3168 9214 1834 4674 5829 70 8649 45143
6779 3300 8080 9628 753 6246 8693 5183 9947 7628 66237
3274 1436 4855 4382 8962 3091 9344 1032 5957 2926 45259
5492 4065 2982 1325 9294 8970 352 347 2133 7469 42429
5567 4008 7347 7623 3843 7642 4914 4473 5118 2004 52539
9160 4088 8464 1546 6361 5740 7181 4977 4256 3850 55623
6723 3300 889 5292 8899 3706 3709 8820 6412 819 48569
1689 2002 3514 2448 4539 5695 966 1979 9946 797 33575
8641 9859 9853 5425 1886 5942 7798 7780 6007 8284 71475
6856 4067 9276 6880 204 6484 7908 6101 4081 4304 56161
3369 3045 9282 936 8687 1713 1728 7675 5738 4970 47143
5831 1087 633 4212 3264 797 9373 2224 4527 4686 36634
6442 610 5959 9076 7460 9111 1004 960 4465 6179 51266
6147 1307 3552 5053 2517 648 9348 3759 6584 9523 48438
6524 8553 5286 6911 5722 7943 8655 9255 9660 6140 74649
881 8464 6546 3054 4747 4665 2554 1902 7521 4556 44890
6961 7784 1681 4659 8453 7724 6062 1703 6310 4760 56097
5053 4870 3478 4768 8908 8949 771 4402 9911 9334 60444
232 967 8327 2837 9355 3530 4406 2963 3263 6452 42332
4315 4046 4006 4558 1791 6920 1830 3344 354 784 31948
3245 7610 1510 2650 1621 2372 4906 4654 2385 4138 35091
8100 9610 5965 2373 438 2686 8092 9301 2277 9401 58243
9180 5565 9494 7905 6189 4218 2164 5787 2293 9306 62101
6311 1020 1578 5739 3188 3175 7611 6283 2019 9099 46023
5083 7440 7474 3791 1828 133 624 4899 887 4555 36714
9219 6358 6134 6448 3236 6498 7090 2761 6684 6508 60936
9267 3880 5958 5692 2368 8039 8058 7052 1617 759 52690
6448 566 6756 9831 4697 1890 2328 5269 7542 4592 49919
1986 4392 3035 178 6447 2575 5553 7569 4100 2297 38132
8285 7404 6651 6575 3329 9557 6451 1015 9469 7147 65883
2219 3236 9408 4635 3312 6255 3925 1595 9325 304 44214
6611 6776 1578 2553 7623 2762 6575 6460 1824 1413 44175
6461 1478 9239 2493 3602 4808 8592 2372 8586 4104 51735
9758 5913 1045 981 7774 7332 9956 4660 5458 7291 60168
39 6889 9402 665 6546 1494 103 2829 8610 7304 43881
1971 8047 6481 3637 376 1854 6209 3211 6749 4094 42629
6240 4824 80 21 715 7547 3418 8486 1654 5433 38418
67 5783 4034 942 1366 7018 8080 942 5872 9816 43920
6840 7677 337 6296 6398 9163 442 9452 6719 8436 61760
2752 8011 6266 928 4929 6964 5858 8762 4980 1138 50588
5282 1871 8416 4193 4825 5687 6026 8530 3626 4649 53105
1773 6502 2765 8744 6956 6819 3932 5426 9246 1693 53856
95 2606 2228 452 1411 5187 7142 7291 6796 4540 37748
8635 5624 2050 3486 9187 1965 6056 3677 7922 1653 50255
388 4812 778 9662 7127 6017 3746 1477 3232 4230 41469
6889 4182 3575 8357 6348 5691 7765 1895 9702 1260 55664
8430 2224 3346 9730 7609 5734 5593 3571 3677 8615 58529
1260 8710 5423 1608 3459 9827 5195 8654 2618 9401 56155
4969 35 4888 4143 1809 114 5508 5888 1974 582 29910
7885 4140 9550 1667 3064 9638 140 6517 3850 9882 56333
4187 7711 4216 4900 2810 6500 5256 5704 6888 1024 49196
6731 5335 6467 911 7375 8129 3270 9404 5192 2145 54959
8356 9327 3894 5415 8639 8726 9127 609 8841 4339 67273
2009 7579 2078 7272 2011 1182 6854 3872 8693 2681 44231
5974 498 6582 3352 1094 1051 7263 6078 3431 4698 40021
7192 4632 4789 2493 1353 6099 3764 225 567 9499 40613
8809 126 6147 7933 9137 7744 5290 9633 7689 8522 71030
3737 7477 2432 6828 1095 6210 7299 2689 4165 2624 44556
6620 7299 8294 1111 7123 1720 6241 3085 997 606 43096
9470 4942 1734 1120 4677 8208 8689 7466 399 1393 48098
5565 9698 1643 2210 2844 668 1250 2079 4880 4487 35324
8869 8823 9467 251 2136 8237 7453 8619 6989 7610 68454
2771 7316 8015 6308 2986 4542 5583 7227 9854 7356 61958
9595 6445 686 8672 1200 97 6981 6660 847 9429 50612
2097 3418 1673 326 7944 2884 5462 5243 9710 9395 48152
7175 556 3722 1826 5616 2787 7396 2460 7104 2598 41240
8831 7502 5579 9499 4361 8614 4308 1466 4107 6442 60709
9088 4556 9716 7950 6098 3590 4541 4248 8459 9794 68040
2550 7700 4321 30 8496 24 1503 5487 1298 7122 38531
7723 8210 3939 4904 9249 3619 4057 622 414 8495 51232
8166 2935 9786 3483 7490 3426 5114 9654 3449 3638 57141
9195 4333 4290 1775 4081 6730 7871 4657 881 1860 45673
1737 8482 9944 417 3166 9774 2156 7714 3373 9755 56518
392 1930 9483 8819 1159 9472 1188 5664 6034 4517 48658
6328 4331 3617 9178 4599 9328 8403 5920 403 1874 53981
8498 6940 2378 9798 7691 8188 4662 2931 4422 8597 64105
7841 1003 796 7576 4936 8994 3145 5799 2499 6321 48910
7990 3197 1479 8150 9386 3832 7289 8547 3879 6123 59872
4083 1835 7137 6606 9277 756 6329 7678 3586 6683 53970
6780 6424 8701 7124 5633 7459 6927 2039 4644 7371 63102
2856 6401 7302 1882 1963 3766 329 3421 5717 893 34530
9620 7241 9630 1550 1350 1874 672 1365 2532 3972 39806
9536 2243 5004 754 8853 8696 1169 7278 1567 7993 53093
8267 5088 5208 9592 2513 1330 1797 1918 8545 8832 53090
2908 3671 2333 9662 4217 786 6038 581 3591 6812 40599
8571 8164 9066 889 3409 8913 3891 4161 7240 5349 59653
8125 8219 1070 6213 92 318 3337 1232 5186 7393 41185
7116 1655 5312 5765 5220 9397 8865 810 7275 1350 52765
1172 2176 2752 8199 7812 9905 2562 2989 3218 5115 45900
1061 1746 5929 6538 6244 4313 6520 5035 4626 7258 49270
8068 2505 8807 4259 9752 528 1935 4003 4824 1182 45863
8115 1181 3728 2698 1851 3676 6081 9683 8435 8407 53855
2041 1517 5885 3167 5707 7519 6785 1201 4350 5657 43829
592 2800 8930 1635 1818 8171 6455 5895 7143 8907 52346
1799 7809 9685 3880 9752 2429 1207 7694 3021 5290 52566
6206 6557 3648 6502 5376 1374 3878 1646 2704 3882 41773
1249 3791 6604 341 8131 1137 2091 3685 6409 5094 38532
4587 9362 3102 1281 4001 5130 139 8544 713 7738 44597
7822 9699 2553 9281 7893 6988 3218 3845 2491 7884 61674
6807 3947 3401 467 5984 7484 9855 5076 3628 9838 56487
1764 3239 9554 8609 2113 8089 1705 469 656 4565 40763
6153 3616 1330 9886 2358 5298 7114 7859 8324 5217 57155
6165 431 5995 8306 8124 2031 7571 1438 2999 9230 52290
4304 9478 8540 8226 2858 3588 3085 487 6826 9915 57307
1980 7594 9760 2233 1500 8356 8975 8384 6302 2052 57136
3828 1762 1523 8570 6280 791 7765 7225 93 6792 44629
4053 5092 564 9333 3508 9113 6539 8885 6120 7598 60805
9309 3185 5766 5669 2811 8156 8762 8155 6031 5577 63421
4099 3451 4602 7080 7302 5693 7878 8115 5615 5089 58924
9106 6450 1690 3128 8416 9279 6133 7537 1060 612 53411
5829 7620 1606 7631 321 5000 1183 7173 937 9656 46956
4110 967 5624 7642 6587 8095 7797 5800 6457 3540 56619
7910 7655 2707 5439 6948 905 5595 9117 4955 3655 54886
1348 3149 1789 5013 4867 124 3678 3765 8309 9954 41996
286 3229 6130 956 260 5034 7020 6727 2722 8804 41168
4588 7022 799 5547 9366 5740 6892 9307 7753 2983 59997
8493 322 7082 7338 8223 2306 9475 2184 9042 8031 62496
7913 7146 2990 2006 6302 5050 2784 8098 9672 1228 53189
7315 2285 8440 4596 7508 8587 6802 5913 6775 4570 62791
3411 9081 3659 7168 9836 6098 6308 6256 5589 9473 66879
9980 8816 5170 6457 5355 1655 8645 8832 6695 7153 68758
9045 2390 703 4880 3475 435 3942 4047 7106 1882 37905
9695 1787 8335 366 3880 2683 4229 1714 3733 9893 46315
1979 788 6256 9320 1557 5890 3961 7831 4352 7087 49021
9581 8914 6872 3906 4812 3462 6645 6785 7135 4269 62381
6427 9876 3704 5780 8102 4658 9018 1877 3397 2066 54905
8985 3198 8534 7838 9176 5224 6018 8516 6352 8230 72071
5694 4727 2135 5840 934 4537 9524 1613 6805 6403 48212
3087 417 7219 7051 8160 8293 1559 321 2428 4588 43123
9870 4760 4620 9802 989 5644 4391 5261 6874 3266 55477
7163 9988 2935 1488 5029 7010 4572 7556 4063 1317 51121
3054 6350 5237 7516 4778 1850 8621 3092 9608 8958 59064
260 6913 2636 3621 3776 1824 4155 2443 331 1865 27824
7693 9088 9706 2076 2604 2640 4515 5222 6717 1155 51416
9814 6258 4601 8026 2858 6888 2410 4149 5842 9507 60353
6475 9076 9623 3986 4899 5188 2059 5699 9546 4435 60986
5286 7222 9697 3171 4454 3066 5393 5046 3929 8661 55925
8289 3322 7344 3961 8939 1866 2531 9691 1296 4879 52118
4158 7784 1764 9151 4624 8285 6126 8358 9873 9330 69453
4166 2239 9909 5959 3501 6440 6905 3148 6190 63 48520
7604 4756 9810 8879 3977 1752 122 7409 9554 8760 62623
9329 4878 5779 8598 8879 401 4523 204 3990 6579 53160
3275 5304 7748 8236 4985 673 8874 7935 4136 7513 58679
6982 8845 8104 7954 3858 9745 7403 2139 8895 2551 66476
2034 2628 5105 7764 9334 8995 3378 9404 4624 4368 57634
4279 3308 8914 6835 2863 9327 6626 8759 7658 6618 65187
6558 2407 1899 8997 8869 7988 6874 6770 9928 125 60415
333 1930 1018 3271 6422 7503 788 5360 1770 4398 32793
5747 8857 8162 9635 2116 3463 1887 9028 2828 4769 56492
5843 7920 8021 5098 6173 2356 3921 774 8578 4446 53130
4726 2453 2353 5845 9040 4096 450 3008 3927 7353 43251
4243 5262 9843 742 8839 497 6630 3668 5889 573 46186
6282 3209 423 2965 5145 568 4981 4199 5343 3747 36862
2461 671 9785 5417 6167 6474 6612 4003 1787 1158 44535
7978 8769 1140 3065 5827 1504 530 1106 4730 5074 39723
3195 9352 644 9172 3615 1076 5404 5049 2987 5306 45800
9070 5121 6850 9798 1913 7419 7472 7361 9292 9153 73449
3353 2892 7035 1454 3038 7032 2936 9353 8872 1597 47562
6251 7672 7069 9643 5331 998 853 9411 4735 8218 60181
4522 2666 2398 8432 6040 4193 6339 8315 6393 6777 56075
4545 5386 1861 5217 9387 5923 4407 7960 7735 6789 59210
3770 1757 1121 4034 7298 8690 4957 384 5580 6728 44319
522 6006 8056 6916 8414 5376 9335 33 4337 3324 52319
7030 3841 8049 9514 897 6769 815 5441 1666 5563 49585
5297 5655 2443 9343 8146 6091 6936 9919 9424 2853 66107
7143 8323 71 3299 7324 1586 4983 5386 3091 5261 46467
4840 7206 5347 4065 7099 4642 162 9339 267 9342 52309
5309 1671 2395 6049 8026 2001 9484 2471 3737 5767 46910
1840 1639 7754 6925 8439 4400 7887 7755 8280 1184 56103
420 3176 5030 4838 5704 8031 5761 9361 4530 6427 53278
2824 4356 4338 5907 1919 8923 2951 8505 1629 6443 47795
5047 330 5221 180 5440 5556 9059 4033 2643 8057 45566
3669 7553 4906 1735 1138 2987 9463 7972 8570 2369 50362
987 3037 6276 8477 3431 5672 662 914 6251 5003 40710
184 9710 141 5391 5271 9849 8856 5897 4146 1713 51158
919 1342 33 2996 9504 2177 1323 850 9755 5021 33920
4805 7005 1275 6942 1300 6703 8533 4494 6094 7187 54338
7978 8228 8367 3474 5944 9959 1699 4691 1647 613 52600
3948 1362 471 297 5503 100 1882 8832 2957 6695 32047
7584 591 5987 2320 40 5921 2264 745 3815 9879 39146
7121 3302 2870 8434 3685 4432 4047 5802 4120 7494 51307
7559 4767 3409 5634 6307 905 3230 802 7502 7695 47810
8184 583 197 6263 5004 9712 2548 2680 4339 7811 47321
7956 1416 6655 959 2179 369 5328 5326 1127 1245 32560
2884 3655 6408 7964 6070 3105 2487 1967 5737 7310 47587
5782 5896 9516 7144 199 6715 3462 9022 7735 5733 61204
1518 2401 1569 5757 2204 3744 8099 9547 3132 9656 47627
3088 6388 492 685 4924 5659 9191 7484 3991 3161 45063
7166 6125 5706 403 5301 4117 7951 7646 1197 9324 54936
7527 5536 1189 8767 8082 3118 8896 7791 8073 7403 66382
4496 2601 5189 2246 3222 9077 2676 8313 3228 7795 48843
1745 7241 9559 1699 6334 1033 3540 4907 1550 8530 46138
9353 161 8518 9344 7085 8364 5230 5434 4632 9149 67270
3448 2629 7997 3079 8004 5910 8829 3563 4895 9058 57412
4408 8876 6907 6796 3890 3296 5508 5625 3537 8992 57835
2013 3375 9882 4676 2678 6669 9086 225 4951 3521 47076
1470 5583 7911 4367 8816 6987 3635 7656 4345 1506 52276
1189 179 6242 3038 4996 4307 1458 403 3682 9180 34674
9384 7686 9590 4927 8711 7835 4725 1817 9589 8397 72661
9208 1157 6593 4239 3705 8336 5673 5688 9099 9647 63345
2757 8509 8583 6904 6002 5395 787 1872 8876 649 50334
8708 5605 8611 3361 8737 3942 8477 1684 7314 3265 59704
747 2367 3739 1378 9008 7965 9064 1172 5064 4094 44598
2743 5016 2514 2593 4373 8446 2589 5726 1851 6163 42014
9342 6796 4931 4308 3797 1560 9718 2268 9660 9182 61562
4221 8387 9315 9419 8570 2756 8129 3057 3283 3197 60334
9802 914 2555 6888 3974 3406 3689 1781 2300 4995 40304
6928 5509 3209 9785 5643 921 8821 9672 2780 8760 62028
9296 8205 6502 6820 9563 2770 1279 6421 1307 853 53016
1022 9800 520 5345 9863 8542 4373 3563 7811 7830 58669
4685 1515 7656 3264 4848 3169 5568 4761 5872 3454 44792
4576 9057 2242 4816 1048 1165 1171 2807 3457 6948 37287
8205 7186 1045 8190 9908 4092 6145 5240 4295 8845 63151
1742 3345 6163 5823 5780 7458 3049 3615 6487 7715 51177
2513 3243 2474 6273 6901 1536 5458 5785 6164 8155 48502
4453 5507 5893 1261 5812 6154 6873 1687 6442 7568 51650
1654 2436 5042 9125 6284 1033 5904 6651 2280 1382 41791
2389 3427 3944 4058 7921 903 5867 1621 4928 8445 43503
6255 3550 466 9101 806 2593 4833 4061 7781 5881 45327
8897 9821 7001 1874 761 7283 404 6893 2824 4481 50239
5640 2399 3080 4880 8335 8141 8223 6987 7571 6275 61531
8171 8829 4946 3979 3923 5459 9790 2885 4444 2333 54759
9138 6751 7311 615 3430 1367 5949 9807 3950 2940 51258
8352 7548 2253 9127 7376 6103 9234 7807 4770 7685 70255
7990 8602 3496 7624 5330 3446 7286 6127 6598 259 56758
5646 5968 7154 8205 7291 972 1131 6238 99 2707 45411
6592 8636 1105 9992 1726 2852 9708 3513 3100 9350 56574
1556 1843 6097 5705 9020 4480 3635 8779 3854 8186 53155
5055 4881 8098 8265 8501 8686 3900 6492 8748 5351 67977
6513 4118 5468 4563 8237 8769 9521 5435 89 3708 56421
9557 5414 6965 6510 5189 3305 7058 7891 7938 9989 69816
2991 356 2619 5744 1049 8868 413 3764 2254 860 28918
3202 7691 4668 9945 3977 9208 7925 9603 6857 5764 68840
8506 9797 4657 501 3524 9046 4000 3105 5720 1443 50299
9666 3093 6955 4760 8573 5168 1998 8647 643 2097 51600
5480 1039 2124 1413 5159 1328 7299 9691 8317 5803 47653
2836 374 9368 6009 7737 8037 57 4909 4871 4797 48995
3082 9111 959 9368 8821 811 4627 7009 3331 1052 48171
7260 343 7991 310 8762 7820 9565 1373 8665 5776 57865
8172 7308 4782 1869 8680 903 9255 581 5859 7518 54927
9928 1685 8138 160 4454 8836 5095 1037 4249 254 43836
2749 4105 9416 1345 2699 1350 4600 3166 7785 8542 45757
6764 273 1688 3038 2474 3128 2994 3741 5623 9110 38833
4925 5808 9269 5725 5216 3120 5541 8310 8297 6481 62692
7908 6267 7203 2641 5477 781 4001 1230 8574 9156 53238
2740 446 2728 1959 5702 5882 912 5553 8935 1123 35980
1527 1011 1567 1611 4683 9383 9244 3159 6714 6522 45421
22 7412 7947 1479 5189 9080 9260 3072 4960 4525 52946
1126 4188 8055 3600 3941 777 549 6306 3026 1154 32722
4341 6841 3711 2457 1514 3541 7037 7902 8582 8428 54354
4212 6878 7765 3434 7888 5069 2712 3517 5318 6621 53414
89 3858 6945 3111 4305 2744 4918 3745 3879 1800 35394
4699 3797 5496 5080 448 6644 7885 2104 3571 797 40521
571 9112 3350 6555 6915 4332 1160 3808 6253 3409 45465
5647 837 7374 292 1293 7188 6383 6931 4664 2807 43416
9617 2197 3721 3315 6024 3248 7993 887 4689 2300 43991
5086 3457 4086 7312 3712 5300 2307 4703 8023 1374 45360
6653 6588 8550 333 7226 8104 6581 9987 8560 3377 65959
8109 5226 3595 1670 7634 7936 1804 6901 6195 3738 52808
6241 2338 1255 541 7080 3598 6463 9120 2781 6944 46361
5083 2971 1578 5284 1187 7315 8067 668 6520 8524 47197
3559 7196 2930 2154 7366 918 2102 4298 1727 3561 35811
3212 9505 5199 4437 9803 7351 2852 2298 71 4727 49455
304 1651 87 5596 8257 6980 8889 4725 7112 985 44586
8620 312 4630 5513 4760 9626 4081 5248 4746 1792 49328
1070 6190 1014 6693 690 204 249 6930 6057 689 29786
8458 8453 1252 9064 6513 6423 9582 1547 4072 4093 59457
4600 2348 9865 4172 8025 5832 5251 8962 9828 971 59854
8063 1583 561 995 9731 5149 1729 6258 5663 6699 46431
3461 623 1433 7864 7471 8830 9237 2644 6908 9557 58028
2394 7521 4878 6017 3564 7603 5482 2349 1498 7789 49095
1785 6723 4524 7193 9468 9147 379 9162 3984 2308 54673
8954 249 6536 8156 1689 2596 9886 6802 65 2613 47546
7077 9705 1629 9743 9418 678 9576 4607 8031 4862 65326
4869 8150 5171 9202 7258 1699 5697 7798 6965 6181 62990
1359 6929 2037 2728 7666 6956 2248 9655 3164 7302 50044
2541 8316 2662 6044 4807 9296 4173 7702 449 459 46449
4973 4964 4098 2194 7298 6238 6211 1016 8752 7408 53152
6906 691 8685 3218 2661 5883 3900 2790 6554 7742 49030
2117 8432 2189 7438 4015 9792 8734 5017 646 9028 57408
8395 2322 8022 1014 7391 89 4988 4858 2983 4486 44548
1160 5522 8178 3013 3936 4377 3584 8115 7810 1839 47534
5772 4507 2650 9760 4213 3226 1868 2053 8785 5068 47902
9693 4210 4951 877 7710 4324 6201 5373 2960 9418 55717
5380 6773 5356 2903 39 5493 902 643 7562 329 35380
3937 340 4633 4559 9695 5070 8849 5486 1728 4263 48560
6642 4128 6237 6960 4399 3512 9121 9117 7316 6112 63544
346 2328 6154 1539 7790 9924 916 9722 8916 6802 54437
9880 8227 8317 8397 207 9073 3525 5792 998 3947 58363
1815 9272 5230 6264 2133 1041 6748 5814 9127 7852 55296
5429 9939 1127 6891 4975 4635 9512 7367 4865 9821 64561
3232 4727 2107 7238 6059 8475 5991 1930 6244 1835 47838
7661 8789 7086 845 8294 6331 3109 9747 4191 2286 58339
5003 9850 6892 3985 2062 2832 2154 7317 239 2639 42973
9206 100 1348 3781 553 2141 2155 5673 5620 842 31419
4099 7626 8063 81 250 7863 2888 4450 8770 4121 48211
1994 9516 5942 8206 5870 8341 3091 1131 897 8490 53478
2289 4611 618 6949 5714 876 9542 9327 5484 7137 52547
7556 890 1790 8988 314 4347 5634 1392 6028 1099 38038
5061 638 697 8826 1557 3050 5860 9209 1582 9340 45820
983 7620 8620 2869 1822 3969 2813 7762 3409 2554 42421
9375 8794 656 9934 7273 607 7067 2683 9774 267 56430
9586 6974 4475 1903 2275 5197 7490 742 7836 5323 51801
2182 9146 3285 3924 5469 7273 1148 1664 2149 1978 38218
1634 1629 5974 9967 2458 866 9209 4713 7456 713 44619
5621 4390 6480 183 3753 8257 1238 2208 4043 7456 43629
8595 2230 9507 8798 7135 9124 9685 3947 8229 6798 74048
9928 4917 7708 6017 62 4486 3257 4459 4407 8202 53443
914 9756 1469 8505 1063 1073 1109 388 6976 1456 32709
7756 4588 8300 3453 8047 910 4683 4802 7094 5679 55312
5395 4874 8303 6234 2195 7412 2946 6368 3644 6431 53802
3102 2555 3773 3679 1625 2423 8225 3094 109 5508 34093
8857 6343 8627 3736 6648 356 7387 8053 2155 2550 54712
5362 8004 8056 9021 1644 8941 2971 3235 9652 3423 60309
6348 4641 6267 5866 1185 6812 1603 5240 8590 7851 54403
6379 403 6283 9892 6195 2904 5214 5126 3978 79 46453
5575 5962 6641 7352 46 3825 7783 1501 3188 4635 46508
66 291 8133 4109 2944 8779 6205 2530 7351 1508 41916
4282 2284 1206 9320 4271 246 8650 605 6899 5836 43599
4954 3986 7565 6060 4469 767 4584 6175 3600 1639 43799
4424 6045 5005 2408 952 9846 2178 368 1160 2905 35291
8849 8724 7969 7205 2538 7709 9660 126 2394 1634 56808
9158 1606 5974 5703 1280 8963 1637 9474 1326 1861 46982
5823 2429 6325 1456 4904 8003 488 126 452 8379 38385
8118 2745 234 141 6764 4991 9089 5437 3688 9334 50541
5469 701 3103 6701 5418 7818 9592 2591 8999 7596 57988
8576 806 2813 2913 7727 7022 9745 4323 270 8597 52792
8498 2326 4199 1143 1800 9427 8745 2208 1645 6260 46251
3688 8167 8309 4778 4268 3218 1570 220 238 7479 41935
6907 2269 9904 4015 4509 6079 4041 6468 7413 6392 57997
4804 7987 8602 206 6402 4016 618 4226 3343 1128 41332
521 7689 9372 6706 3516 7515 7520 4849 1731 7016 56435
6857 2037 9314 1135 6283 2904 6017 6468 1713 2726 45454
7747 1884 3871 3508 8449 9520 1592 5665 4760 2617 49613
3657 2503 1154 4158 5779 3904 9808 5033 8925 4900 49821
454 2018 4685 1404 7496 2919 1019 6921 6858 700 34474
121 8490 682 760 373 6465 2682 5984 8300 3910 37767
7968 931 2271 4587 5310 1254 3925 5554 3189 6423 41412
9031 1209 3173 4730 6436 1629 1459 4139 8185 6390 46381
3195 482 2450 2362 9665 1423 1155 1384 4409 7013 33538
5496 4759 4219 410 8453 5532 933 689 3529 5173 39193
867 2929 1814 2122 9868 9442 6570 6319 4518 3286 47735
5644 5265 2785 3258 6918 533 3505 901 9397 809 39015
479 9799 4846 5527 5144 6548 5479 4291 3709 2547 48369
940 5293 3970 39 5596 276 4218 6490 4369 1205 32396
3678 8726 7499 4726 3761 1797 5870 5273 173 497 42000
4019 1240 2548 5143 1087 9195 1242 3199 8970 9163 45806
7048 2808 637 5646 8835 2326 7555 1800 4643 4830 46128
9734 4181 7407 2570 8946 1096 2019 8318 9118 1849 55238
6806 2157 4401 4510 260 1532 3615 1669 4588 7346 36884
1032 4421 6968 2510 2709 7291 7435 440 561 1030 34397
8397 8116 8842 5632 2294 6617 1792 2526 124 6859 51199
3591 891 8078 5838 4428 6949 3470 574 6585 6930 47334
9564 9138 3766 5141 8955 505 1581 4821 1402 6361 51234
7969 8019 8670 8280 5547 7971 6204 740 6335 5541 65276
6840 6200 7302 7070 3767 4593 5680 1231 4692 2647 50022
7111 1502 5161 2640 9578 6348 4800 9613 2380 2476 51609
9638 6620 7907 4865 8799 1584 4336 1465 4303 4169 53686
4623 7781 8310 3464 2422 2148 334 2941 9550 6297 47870
3541 5666 809 67 4747 469 40 6879 2630 3412 28260
9762 8276 7966 2108 1906 7995 1515 4193 4664 2364 50749
2555 335 7418 1563 1275 3707 2471 2832 3401 652 26209
1798 9941 4418 5148 7411 7925 4031 3883 2931 5682 53168
8756 5445 4042 7542 3943 270 3500 3847 7091 7219 51655
4517 1832 5265 8120 1086 3124 7594 8166 6707 8764 55175
4919 6337 6447 7749 1834 5543 8210 8623 6092 6122 61876
9832 142 4218 464 4230 3654 3049 3415 1273 4730 35007
6485 9946 6720 3489 87 5578 2594 573 7551 5246 48269
5465 2759 6290 2236 8833 4678 1968 3103 1900 2891 40123
2233 3549 2331 3955 877 5542 9314 3258 3208 789 35056
9617 7709 5710 8380 1920 2423 4660 1166 4596 2471 48652
3494 7505 7674 9109 1097 5514 3353 1565 5183 3334 47828
1517 3653 3653 1516 4354 1786 5461 3117 5328 10 30395
7072 6648 2431 1187 355 1829 1239 4823 6553 8975 41112
9109 1243 2372 8004 1153 2801 2423 6112 3696 2183 39096
7598 8840 9545 2238 9247 6664 7135 9322 4109 7529 72227
3773 9564 3553 5391 2203 8432 6419 7052 5736 6885 59008
1602 9935 4286 8351 288 679 62 8298 7474 1027 42002
1093 6161 297 3141 9523 4246 4383 5868 5350 6378 46440
7109 9239 1436 3624 5632 4861 6389 5446 4800 7347 55883
5196 3288 3634 6915 9878 9314 9773 83 756 9781 58618
5280 8483 7742 899 8600 9826 8176 5401 4731 1754 60892
2143 3256 1699 5473 1303 4408 8561 6763 7617 8043 49266
1144 6110 4288 8117 5469 203 2178 2154 558 3811 34032
5853 2099 512 1862 3245 6312 6655 2716 1581 5922 36757
4372 6129 2167 8300 2868 8257 9101 4109 1753 5621 52677
9812 4160 1032 4386 6814 573 7299 985 2983 2403 40447
3941 1116 809 4329 6456 8804 7755 426 6441 7654 47731
451 2980 8771 2805 6609 1160 7294 8532 246 6353 45201
9612 2483 749 5258 2957 5946 4320 1634 6090 4886 43935
3527 5150 6025 9768 6913 3336 2428 4978 2764 1310 46199
4697 7188 937 9142 98 1209 1877 2550 1853 1546 31097
4452 80 1999 2416 2743 5792 120 7662 9071 6653 40988
8089 3490 6146 9004 1250 815 5624 6341 9552 5247 55558
5185 5707 2679 6447 7461 1126 3798 9580 771 1912 44666
2338 5691 8948 5714 2073 9121 6967 8027 4212 6576 59667
8308 2689 1553 3046 2571 8178 701 286 7054 3396 37782
150 8893 6293 5249 2706 450 6244 6091 902 6368 43346
8322 4424 4865 1069 1799 6883 3501 8413 9671 8700 57647
2116 6388 480 521 9896 705 5547 4575 1076 5448 36752
2988 1776 3796 5505 4369 961 5798 9331 5048 190 39762
2340 9519 2033 8700 3231 2238 6839 3505 5641 1975 46021
4766 146 5963 7322 2603 7859 3642 4294 5815 1366 43776
4223 35 4358 6403 1421 3297 9026 3818 7681 8902 49164
8485 4382 3306 1636 9303 3448 3431 3351 4884 4659 46885
6131 7103 6825 6652 4037 2509 2932 2617 8015 5538 52359
4982 1458 934 5689 171 644 9956 2624 4813 9376 40647
9842 5575 7964 3534 9135 1567 738 3273 9258 5528 56414
7327 7732 2222 3511 1062 5854 9093 4938 14 6543 48296
4100 6402 6693 1905 6707 7563 2390 2489 3702 1992 43943
6941 8722 8632 8293 2148 8334 9537 4144 6797 5677 69225
1220 5416 9409 1057 6323 1046 5800 74 1030 6258 37633
9469 5993 7742 8126 8855 6457 2292 5995 1054 3761 59744
6292 8650 5284 5306 9080 7413 5779 508 79 5736 54127
4856 5334 4581 2361 7738 8074 6850 6990 8800 6603 62187
4243 8562 6240 1100 1635 5046 6875 8371 6440 7841 56353
1058 4910 356 914 7652 8317 8952 4071 2025 3578 41833
7946 8805 5216 4245 6851 5119 8111 4397 4322 1920 56932
9647 9173 1267 2355 7112 2963 7969 1306 4549 7402 53743
7743 6678 1806 6320 4804 1943 8313 3547 9669 3374 54197
8873 2902 2312 3182 7923 3748 8314 104 5907 9875 53140
1433 3514 4639 4256 3178 1520 1636 7719 2240 9634 39769
9035 3811 8683 7082 2886 267 5269 6088 1557 9669 54347
8920 4404 6959 3338 6168 8767 5177 6181 8680 5893 64487
3436 6796 5830 6180 7486 6481 897 6435 8040 2718 54299
3464 8378 8596 8016 5190 8162 4092 5268 1744 9897 62807
2382 3457 3694 7660 4502 4878 7921 7924 6455 6107 54980
3484 9723 4455 8751 9365 4949 6910 3084 9516 3192 63429
2319 7319 8174 1514 3101 9204 6423 8885 6655 8078 61672
7094 9871 4163 714 5701 2798 525 9289 430 2370 42955
9633 4970 1676 9848 1298 6932 7681 6109 7774 6134 62055
4670 8806 539 6327 200 5208 8485 9019 6432 3038 52724
57 1944 3164 6840 7189 4364 2057 4588 5647 6087 41937
5450 981 8822 9950 7330 3564 8697 126 1192 2812 48924
4707 2710 7733 5489 6736 8926 2262 2200 9792 8031 58586
5758 420 3703 6788 499 2987 6311 8410 3117 2798 40791
705 3227 722 4499 752 7705 6346 9735 9525 6137 49353
3593 129 8722 4801 3115 6946 772 5405 5658 3994 43135
3914 3115 9679 162 1703 55 8612 4762 2867 6002 40871
5280 5610 2354 9252 6497 5506 6033 7934 4999 3246 56711
5001 6969 216 6543 637 2865 6012 6535 9337 2030 46145
1207 5453 826 5559 2367 1679 2620 3042 8870 3743 35366
2993 2506 833 3574 3278 1623 9494 8053 9449 3003 44806
5135 9123 8749 6725 6020 5627 7121 6377 579 8068 63524
9557 9060 7155 6564 1873 4922 8830 5071 4037 2582 59651
6661 8328 6761 3309 2136 6467 603 9996 4663 1283 50207
7785 1517 6695 6417 9040 6635 9566 1346 1025 472 50498
7914 3599 8498 2526 1816 4552 7435 1549 5222 9012 52123
2113 5924 661 5520 6307 7187 8119 4362 5641 4891 50725
1769 3737 6530 6513 7688 7716 7568 1990 2545 6101 52157
8160 9044 2503 5073 7182 3933 6533 8250 8257 6047 64982
6138 5019 2783 5451 7639 1140 5437 9790 1498 6311 51206
1562 5440 1135 4820 6493 7292 2528 1910 3098 7991 42269
4492 6438 4145 1029 2336 5817 6658 2395 6050 5224 44584
4058 6965 274 1960 6114 941 6379 3009 4723 1806 36229
3200 4937 999 6575 2091 1048 8921 3401 6976 4937 43085
4730 1100 3051 2867 9089 6698 5474 3783 252 9133 46177
143 2589 3184 3198 7886 5404 6054 8656 4484 3927 45525
1010 1391 2453 831 7903 6267 9020 8945 2556 2739 43115
7336 8373 6858 950 6777 2561 2794 1131 532 4044 41356
1146 6445 9957 1094 6329 4257 8193 7959 9106 5684 60170
5512 1756 3686 3009 3746 8521 4146 3104 9915 4458 47853
1976 6592 5007 5348 7555 8760 2667 6062 6685 4025 54677
3791 3783 2509 2148 8257 2919 9345 8098 9804 6687 57341
2505 8172 7785 730 2242 5706 2242 3543 4103 2152 39180
2898 3189 470 8535 623 807 9374 7266 2936 9732 45830
548 9974 6683 6621 3366 1753 6077 3738 6411 5990 51161
2628 3678 3432 8947 2602 5785 8880 1912 443 1420 39727
6514 131 5546 7305 3671 5323 5494 3122 1389 2660 41155
1280 5262 1934 3942 2832 4100 5134 7771 2668 7093 42016
8323 5939 4023 4772 8046 3494 8891 1547 1137 6821 52993
8370 1881 2109 1532 1908 8934 4418 6109 3807 9955 49023
3302 5877 4599 4484 5183 8229 408 4941 3831 9193 50047
2988 3898 8220 1323 8780 1000 3928 2528 5369 6105 44139
5636 8823 1915 9038 6367 2594 47 2422 4380 8357 49579
3289 7620 7392 5154 4251 2055 4980 6038 1908 3379 46066
296 1327 6026 9293 3870 5920 4036 3262 7133 9959 51122
1011 4019 2949 6450 8407 3994 5644 7619 1085 3558 44736
1371 1510 9281 8726 8692 3151 1340 9033 349 1026 44479
8827 6911 6417 1610 6919 7517 9760 1002 3086 1724 53773
9584 7535 8728 4631 6941 4354 8242 7010 8894 3873 69792
7635 3281 1357 8087 135 8390 2497 5137 5936 3577 46032
5103 8876 9276 714 2905 5529 5151 641 4100 2950 45245
5238 1332 8437 4869 2266 7894 8922 2260 444 401 42063
5782 7190 7866 5658 6157 1765 8227 3927 8184 6875 61631
2969 8318 2518 6127 2786 355 260 9760 7342 1118 41553
7861 6771 9332 1062 9204 8660 3549 7071 7367 2435 63312
3013 6771 6855 4694 5035 319 8328 9887 3670 7292 55864
3125 8693 6967 4027 218 1153 9338 273 9619 1142 44555
4373 4203 9130 5127 2223 4107 9136 2165 1679 5219 47362
4634 8819 2874 1882 2849 4711 7377 5663 7785 9949 56543
9721 7099 3250 3958 4166 7556 4666 1593 8143 339 50491
9943 9869 3162 970 6651 4171 5692 9049 8564 4125 62196
2755 6817 8064 6828 2607 8813 9350 242 9743 613 55832
9418 8941 766 5105 3925 2465 8856 9565 7745 8517 65303
4931 8770 4048 9112 3910 1469 3646 216 9774 1521 47397
7695 9129 886 8168 6986 7252 3937 1552 8620 1500 55725
5272 1523 3247 5976 5855 2959 8819 3628 5301 5198 47778
5473 7611 6530 331 3174 2278 8215 1114 6734 2245 43705
1167 8118 2970 2487 421 3922 2566 3482 1118 3350 29601
9166 6943 8845 7058 3873 2553 9812 9276 954 6913 65393
2135 9601 1574 9765 7889 5835 5360 4495 5553 8165 60372
6664 209 6945 2737 5091 2198 844 9057 6578 6567 46890
61 3428 6612 9889 1221 93 2609 7787 3725 4189 39614
1158 3116 5406 9458 3594 9878 8309 203 3880 1631 46633
9912 8112 6196 7840 2350 8112 6913 3099 9329 1306 63169
9307 706 9920 2937 1876 2253 6668 8854 8189 8312 59022
6864 1472 1466 8284 1686 1926 6026 1364 6902 893 36883
7469 3973 9970 6868 9186 1424 6813 4480 5821 4844 60848
7359 4349 7876 3083 6285 1735 7277 5032 7725 1416 52137
1633 6747 699 5254 4791 7931 4021 5860 8476 9030 54442
2175 1208 2915 9708 6091 8279 1035 4710 9137 1255 46513
1459 8008 1285 6782 7668 6995 9886 3588 3326 5834 54831
721 5865 6945 6686 256 9226 6937 3437 7718 1779 49570
5970 5464 6761 3359 9955 3361 9376 754 6974 1602 53576
5305 1224 5051 605 8014 3990 889 5645 1086 2240 34049
7538 4656 5891 4989 528 8716 7680 1532 3092 201 44823
7043 7915 9109 6558 73 8135 1929 8759 4661 3043 57225
4244 2600 6804 6687 7162 3211 511 3013 591 4094 38917
8016 4563 3965 2396 6988 1627 3705 7749 565 8840 48414
9400 1145 4159 6519 8811 5741 3226 4770 9138 45 52954
326 7802 467 872 4239 7975 306 4621 4988 8626 40222
1383 8250 1911 4532 2058 6602 5273 8756 9875 9535 58175
5505 1771 2772 4497 3911 8995 5597 8855 4129 2309 48341
6416 9131 7068 4078 1045 4686 2714 9177 7771 7628 59714
5856 5664 5723 3470 7691 1485 4849 7705 2472 5592 50507
9404 6087 1979 2418 5291 1292 7038 2285 8144 5365 49303
9050 3133 5428 7493 2130 5593 4151 7220 9164 5142 58504
9254 8873 7367 1185 2506 4348 8530 2002 6704 7320 58089
9347 3258 8199 8583 8343 8194 1244 192 5333 7409 60102
2426 8741 9509 2824 6751 7207 7012 611 1786 8229 55096
2997 7745 3831 4342 7329 1409 4963 193 7048 1832 41689
8623 8178 8497 1666 3380 270 3563 1163 6282 748 42370
9542 9538 5203 8285 3229 2614 1195 9893 2089 226 51814
7933 2596 1438 106 6656 5687 7056 9181 3857 5043 49553
9441 4330 5466 986 8968 562 4176 1820 474 6697 42920
1714 7125 8238 6285 9809 7690 2636 6892 5477 5402 61268
4040 4144 441 9844 1478 1155 3621 8391 5778 6727 45619
7428 6599 7353 9631 4923 2296 8192 7733 1793 7469 63417
1225 4972 1865 3732 1417 6735 5277 4845 8833 3079 41980
6006 2546 7249 6104 8944 249 4033 6450 9602 1820 53003
7791 8004 3628 9422 1119 736 4507 588 5745 7051 48591
5255 1674 5243 8308 381 2033 3724 977 3247 7426 38268
6296 7584 7764 8116 8814 893 3095 1053 6834 4068 54517
3023 9445 1416 8498 4736 2378 3776 1664 8356 5211 48503
6908 6509 8201 3413 6855 1328 2374 8093 5756 1673 51110
636 5876 5706 4851 2106 5966 2859 6085 6866 933 41884
7355 9937 722 249 1600 4812 3202 5390 9346 5553 48166
4271 3319 3098 8145 5962 787 6289 4892 9582 5077 51422
553 936 3806 1283 6597 1691 1291 8318 3534 1940 29949
4319 7302 4311 4264 1427 3858 9500 7676 2046 1184 45887
2293 1446 1592 7451 7703 2012 4531 8576 6860 9755 52219
4299 9418 9372 6772 2999 403 3875 8173 9035 6767 61113
695 885 4828 2137 4535 8156 1855 3366 4031 3178 33666
1343 4297 4062 731 1125 1367 3849 3986 6413 418 27591
1548 2865 9172 774 4241 1129 2731 8536 9242 6574 46812
5500 1525 3475 2080 4553 7981 3525 3412 1097 7799 40947
8204 983 2178 6184 4935 6597 459 3039 2594 686 35859
9176 8241 1218 5875 4177 2247 6126 3712 5486 2388 48646
1040 3742 521 8113 6991 6535 3584 8249 5080 7138 50993
7607 7056 3332 4910 271 819 2836 4856 4412 127 36226
9344 3452 2259 2261 1195 4462 5232 9530 3344 7778 48857
2290 9730 3300 1006 5959 5970 5478 5222 6239 7426 52620
6591 8081 569 7309 6771 1857 3261 5374 8519 9309 57641
7168 2447 8243 5613 2789 6435 9110 5159 2877 6865 56706
2581 5500 351 6519 9980 1973 4652 2625 684 9060 43925
6567 8331 5933 1766 8413 1256 3374 7974 9532 6366 59512
3251 3258 1750 5102 8279 8653 7700 7350 8641 3252 57236
3152 7495 4755 5695 2422 8824 3988 733 7570 8289 52923
3483 3029 1634 9599 4522 8642 3508 2962 3130 9468 49977
9679 8326 1447 892 4411 4947 1357 7611 8783 962 48415
